0	0.495732574679943
4.0960000000001E-7	0.563300142247511
8.1920000000002E-7	0.711237553342816
1.22880000000003E-6	0.817211948790896
1.63839999999993E-6	0.935277382645804
2.04800000000005E-6	0.953769559032717
2.45759999999995E-6	0.975817923186344
2.86719999999996E-6	0.977951635846373
3.27679999999997E-6	0.982930298719772
3.68639999999998E-6	1
4.09599999999999E-6	0.981507823613087
4.5056E-6	0.938833570412518
4.9151999999999E-6	0.957325746799431
5.32480000000002E-6	0.942389758179232
5.73439999999992E-6	0.951635846372689
6.14400000000004E-6	0.879089615931721
6.55359999999994E-6	0.913940256045519
6.96319999999995E-6	0.833570412517781
7.37279999999996E-6	0.882645803698435
7.78239999999997E-6	0.840682788051209
8.19199999999998E-6	0.844238975817923
8.60159999999999E-6	0.803698435277383
9.01119999999989E-6	0.83072546230441
9.42080000000001E-6	0.810099573257468
9.83039999999991E-6	0.792318634423898
1.024E-5	0.796586059743954
1.06495999999999E-5	0.749644381223329
1.10591999999999E-5	0.804409672830726
1.14687999999999E-5	0.775960170697013
1.18784E-5	0.754623044096728
1.2288E-5	0.7574679943101
1.26976E-5	0.737553342816501
1.31072E-5	0.71977240398293
1.35168E-5	0.72475106685633
1.39264E-5	0.701280227596017
1.4336E-5	0.72475106685633
1.47456E-5	0.705547652916074
1.51551999999999E-5	0.700568990042674
1.55647999999999E-5	0.674964438122333
1.59743999999999E-5	0.691322901849218
1.63840000000001E-5	0.663584637268848
1.67936E-5	0.658605974395448
1.72032E-5	0.69701280227596
1.76127999999999E-5	0.655761024182077
1.80224E-5	0.617354196301565
1.8432E-5	0.636557610241821
1.88416E-5	0.635846372688478
1.92511999999999E-5	0.674964438122333
1.96607999999999E-5	0.632290184921764
2.00703999999999E-5	0.619487908961593
2.04800000000001E-5	0.644381223328592
2.08896E-5	0.634423897581792
2.12992E-5	0.607396870554765
2.17087999999999E-5	0.629445234708393
2.21184E-5	0.593172119487909
2.2528E-5	0.586059743954481
2.29376E-5	0.568990042674253
2.33471999999999E-5	0.590327169274538
2.37567999999999E-5	0.58321479374111
2.41663999999999E-5	0.589615931721195
2.4576E-5	0.578947368421053
2.49855999999999E-5	0.585348506401138
2.53952E-5	0.536984352773827
2.58047999999999E-5	0.536273115220484
2.62144E-5	0.536273115220484
2.66240000000001E-5	0.569701280227596
2.70336E-5	0.543385490753912
2.74432E-5	0.554054054054054
2.78527999999999E-5	0.519914651493599
2.82624E-5	0.524893314366999
2.8672E-5	0.544807965860597
2.90816E-5	0.506401137980085
2.94911999999999E-5	0.530583214793741
2.99007999999999E-5	0.487908961593172
3.03103999999998E-5	0.512802275960171
3.07200000000001E-5	0.507823613086771
3.11296E-5	0.532005689900427
3.15392E-5	0.497155049786629
3.19487999999999E-5	0.499288762446657
3.23583999999999E-5	0.500711237553343
3.2768E-5	0.506401137980085
3.31776E-5	0.457325746799431
3.35871999999999E-5	0.494310099573257
3.39967999999999E-5	0.484352773826458
3.44063999999998E-5	0.452347083926031
3.48160000000001E-5	0.485775248933144
3.52256E-5	0.44950213371266
3.56352E-5	0.47226173541963
3.60447999999999E-5	0.455903271692745
3.64543999999999E-5	0.44950213371266
3.6864E-5	0.452347083926031
3.72736E-5	0.447368421052632
3.76831999999999E-5	0.455192034139403
3.80927999999999E-5	0.448079658605974
3.85023999999998E-5	0.463015647226174
3.89120000000001E-5	0.451635846372689
3.93216000000001E-5	0.430298719772404
3.97312E-5	0.440967283072546
4.01408E-5	0.424608819345661
4.05503999999999E-5	0.437411095305832
4.09600000000001E-5	0.411806543385491
4.13696E-5	0.438122332859175
4.17792E-5	0.430298719772404
4.21887999999999E-5	0.42674253200569
4.25983999999999E-5	0.398293029871977
4.30079999999999E-5	0.40398293029872
4.34176000000001E-5	0.427453769559033
4.38272E-5	0.411095305832148
4.42368E-5	0.371977240398293
4.46463999999999E-5	0.415362731152205
4.5056E-5	0.429587482219061
4.54656E-5	0.397581792318634
4.58752E-5	0.382645803698435
4.62847999999999E-5	0.384779516358464
4.66943999999999E-5	0.411095305832148
4.71039999999999E-5	0.363442389758179
4.75136E-5	0.395448079658606
4.79231999999999E-5	0.394736842105263
4.83328E-5	0.410384068278805
4.87423999999999E-5	0.352062588904694
4.9152E-5	0.386913229018492
4.95616E-5	0.352062588904694
4.99712E-5	0.355618776671408
5.03807999999999E-5	0.334992887624467
5.07903999999999E-5	0.360597439544808
5.12E-5	0.354196301564723
5.16096E-5	0.35846372688478
5.20192E-5	0.344238975817923
5.24287999999999E-5	0.337837837837838
5.28384E-5	0.34352773826458
5.3248E-5	0.338549075391181
5.36576000000001E-5	0.312944523470839
5.40672E-5	0.350640113798009
5.44768E-5	0.334281650071124
5.48863999999999E-5	0.337837837837838
5.5296E-5	0.352062588904694
5.57056E-5	0.319345661450925
5.61152E-5	0.326458036984353
5.65247999999999E-5	0.337837837837838
5.69343999999999E-5	0.306543385490754
5.7344E-5	0.312944523470839
5.77536E-5	0.334281650071124
5.81632E-5	0.332147937411095
5.85728E-5	0.313655761024182
5.89823999999999E-5	0.313655761024182
5.9392E-5	0.32076813655761
5.98015999999999E-5	0.278805120910384
6.02112E-5	0.298719772403983
6.06207999999999E-5	0.295163584637269
6.10303999999999E-5	0.290184921763869
6.14399999999999E-5	0.317923186344239
6.18495999999999E-5	0.313655761024182
6.22592E-5	0.282361308677098
6.26688E-5	0.270981507823613
6.30783999999999E-5	0.280938833570412
6.3488E-5	0.256045519203414
6.38976E-5	0.256045519203414
6.43072E-5	0.266002844950213
6.47168E-5	0.273115220483642
6.51263999999999E-5	0.271692745376956
6.5536E-5	0.264580369843528
6.59455999999999E-5	0.268847795163585
6.63552000000001E-5	0.260312944523471
6.67648E-5	0.286628733997155
6.71744E-5	0.262446657183499
6.7584E-5	0.249644381223329
6.79936E-5	0.271692745376956
6.84032E-5	0.253200568990043
6.88128E-5	0.233997155049787
6.92223999999999E-5	0.259601706970128
6.9632E-5	0.254623044096728
7.00415999999999E-5	0.22972972972973
7.04511999999999E-5	0.270981507823613
7.08607999999999E-5	0.232574679943101
7.12704E-5	0.233997155049787
7.168E-5	0.239687055476529
7.20896E-5	0.228307254623044
7.24991999999999E-5	0.235419630156472
7.29088E-5	0.229018492176387
7.33183999999999E-5	0.238975817923186
7.3728E-5	0.224039829302987
7.41375999999999E-5	0.237553342816501
7.45471999999999E-5	0.221906116642959
7.49567999999999E-5	0.233285917496444
7.53663999999999E-5	0.224039829302987
7.57760000000001E-5	0.240398293029872
7.61856E-5	0.211948790896159
7.65952E-5	0.218349928876245
7.70048E-5	0.232574679943101
7.74144E-5	0.212660028449502
7.7824E-5	0.229018492176387
7.82336E-5	0.229018492176387
7.86431999999999E-5	0.225462304409673
7.90528E-5	0.217638691322902
7.94623999999999E-5	0.234708392603129
7.98720000000001E-5	0.236842105263158
8.02816E-5	0.184210526315789
8.06912E-5	0.221906116642959
8.11008E-5	0.212660028449502
8.15104E-5	0.190611664295875
8.192E-5	0.227596017069701
8.23296E-5	0.180654338549075
8.27391999999999E-5	0.200568990042674
8.31488E-5	0.181365576102418
8.35583999999999E-5	0.190611664295875
8.3968E-5	0.205547652916074
8.43775999999999E-5	0.188477951635846
8.47872E-5	0.177809388335704
8.51968E-5	0.178520625889047
8.56064E-5	0.189900426742532
8.6016E-5	0.172830725462304
8.64256E-5	0.183499288762447
8.68351999999999E-5	0.192745376955903
8.72447999999999E-5	0.196301564722617
8.76543999999999E-5	0.194879089615932
8.8064E-5	0.183499288762447
8.84736E-5	0.168563300142248
8.88831999999999E-5	0.192745376955903
8.92927999999999E-5	0.182076813655761
8.97024E-5	0.160028449502134
9.01120000000001E-5	0.17425320056899
9.05216E-5	0.150782361308677
9.09312E-5	0.16927453769559
9.13407999999999E-5	0.162162162162162
9.17504E-5	0.170697012802276
9.216E-5	0.167852062588905
9.25696E-5	0.164295874822191
9.29791999999999E-5	0.153627311522048
9.33887999999999E-5	0.181365576102418
9.37983999999999E-5	0.180654338549075
9.42080000000001E-5	0.17425320056899
9.46176E-5	0.174964438122333
9.50272E-5	0.172830725462304
9.54367999999999E-5	0.165718349928876
9.58464E-5	0.157183499288762
9.6256E-5	0.167140825035562
9.66656E-5	0.152204836415363
9.70751999999999E-5	0.138691322901849
9.74847999999999E-5	0.144381223328592
9.78943999999999E-5	0.155049786628734
9.83040000000001E-5	0.164295874822191
9.87136E-5	0.15149359886202
9.91232E-5	0.150071123755334
9.95327999999999E-5	0.144381223328592
9.99423999999999E-5	0.155761024182077
1.00352E-4	0.160028449502134
1.007616E-4	0.142958748221906
1.011712E-4	0.142958748221906
1.015808E-4	0.12873399715505
1.019904E-4	0.123044096728307
1.024E-4	0.127311522048364
1.028096E-4	0.149359886201991
1.032192E-4	0.145803698435277
1.036288E-4	0.142247510668563
1.040384E-4	0.124466571834993
1.04448E-4	0.160739687055477
1.048576E-4	0.147226173541963
1.052672E-4	0.124466571834993
1.056768E-4	0.139402560455192
1.060864E-4	0.150071123755334
1.06496E-4	0.139402560455192
1.069056E-4	0.125889046941679
1.073152E-4	0.132290184921764
1.077248E-4	0.125177809388336
1.081344E-4	0.132290184921764
1.08544E-4	0.121621621621622
1.089536E-4	0.12375533428165
1.093632E-4	0.125889046941679
1.097728E-4	0.134423897581792
1.101824E-4	0.108108108108108
1.10592E-4	0.109530583214794
1.110016E-4	0.105263157894737
1.114112E-4	0.123044096728307
1.118208E-4	0.106685633001422
1.122304E-4	0.110953058321479
1.1264E-4	0.120199146514936
1.130496E-4	0.113086770981508
1.134592E-4	0.120910384068279
1.138688E-4	0.112375533428165
1.142784E-4	0.112375533428165
1.14688E-4	0.0924608819345661
1.150976E-4	0.112375533428165
1.155072E-4	0.114509246088193
1.159168E-4	0.108819345661451
1.163264E-4	0.107396870554765
1.16736E-4	0.111664295874822
1.171456E-4	0.108108108108108
1.175552E-4	0.103840682788051
1.179648E-4	0.107396870554765
1.183744E-4	0.109530583214794
1.18784E-4	0.12375533428165
1.191936E-4	0.10099573257468
1.196032E-4	0.096728307254623
1.200128E-4	0.104551920341394
1.204224E-4	0.109530583214794
1.20832E-4	0.116642958748222
1.212416E-4	0.118065433854908
1.216512E-4	0.093172119487909
1.220608E-4	0.0974395448079659
1.224704E-4	0.10597439544808
1.2288E-4	0.110241820768137
1.232896E-4	0.110953058321479
1.236992E-4	0.0924608819345661
1.241088E-4	0.0896159317211949
1.245184E-4	0.0881934566145093
1.24928E-4	0.0945945945945946
1.253376E-4	0.0910384068278805
1.257472E-4	0.0874822190611664
1.261568E-4	0.096728307254623
1.265664E-4	0.0889046941678521
1.26976E-4	0.0867709815078236
1.273856E-4	0.10099573257468
1.277952E-4	0.0924608819345661
1.282048E-4	0.0839260312944524
1.286144E-4	0.0832147937411095
1.29024E-4	0.0924608819345661
1.294336E-4	0.0881934566145093
1.298432E-4	0.0689900426742532
1.302528E-4	0.093172119487909
1.306624E-4	0.0846372688477952
1.31072E-4	0.085348506401138
1.314816E-4	0.0874822190611664
1.318912E-4	0.0817923186344239
1.323008E-4	0.0974395448079659
1.327104E-4	0.10597439544808
1.3312E-4	0.0810810810810811
1.335296E-4	0.0974395448079659
1.339392E-4	0.0924608819345661
1.343488E-4	0.0817923186344239
1.347584E-4	0.0810810810810811
1.35168E-4	0.0810810810810811
1.355776E-4	0.0711237553342817
1.359872E-4	0.0803698435277383
1.363968E-4	0.0825035561877667
1.368064E-4	0.0924608819345661
1.37216E-4	0.0810810810810811
1.376256E-4	0.0668563300142248
1.380352E-4	0.0832147937411095
1.384448E-4	0.0689900426742532
1.388544E-4	0.0718349928876245
1.39264E-4	0.0832147937411095
1.396736E-4	0.077524893314367
1.400832E-4	0.0682788051209104
1.404928E-4	0.061877667140825
1.409024E-4	0.0753911806543385
1.41312E-4	0.077524893314367
1.417216E-4	0.0704125177809388
1.421312E-4	0.0668563300142248
1.425408E-4	0.0725462304409673
1.429504E-4	0.0732574679943101
1.4336E-4	0.0654338549075391
1.437696E-4	0.0739687055476529
1.441792E-4	0.0661450924608819
1.445888E-4	0.0832147937411095
1.449984E-4	0.0661450924608819
1.45408E-4	0.0640113798008535
1.458176E-4	0.0604551920341394
1.462272E-4	0.0654338549075391
1.466368E-4	0.0768136557610242
1.470464E-4	0.0746799431009957
1.47456E-4	0.0839260312944524
1.478656E-4	0.0704125177809388
1.482752E-4	0.0590327169274538
1.486848E-4	0.0682788051209104
1.490944E-4	0.0611664295874822
1.49504E-4	0.0647226173541963
1.499136E-4	0.0625889046941678
1.503232E-4	0.0611664295874822
1.507328E-4	0.0526315789473684
1.511424E-4	0.0597439544807966
1.51552E-4	0.0547652916073969
1.519616E-4	0.0661450924608819
1.523712E-4	0.0533428165007112
1.527808E-4	0.0597439544807966
1.531904E-4	0.061877667140825
1.536E-4	0.061877667140825
1.540096E-4	0.058321479374111
1.544192E-4	0.0576102418207681
1.548288E-4	0.0647226173541963
1.552384E-4	0.0682788051209104
1.55648E-4	0.0533428165007112
1.560576E-4	0.0668563300142248
1.564672E-4	0.0568990042674253
1.568768E-4	0.0647226173541963
1.572864E-4	0.0604551920341394
1.57696E-4	0.0554765291607397
1.581056E-4	0.0519203413940256
1.585152E-4	0.0568990042674253
1.589248E-4	0.0633001422475107
1.593344E-4	0.0547652916073969
1.59744E-4	0.0526315789473684
1.601536E-4	0.0604551920341394
1.605632E-4	0.0561877667140825
1.609728E-4	0.0462304409672831
1.613824E-4	0.0526315789473684
1.61792E-4	0.0405405405405405
1.622016E-4	0.0469416785206259
1.626112E-4	0.0611664295874822
1.630208E-4	0.0533428165007112
1.634304E-4	0.0590327169274538
1.6384E-4	0.0476529160739687
1.642496E-4	0.0497866287339972
1.646592E-4	0.0440967283072546
1.650688E-4	0.0547652916073969
1.654784E-4	0.0384068278805121
1.65888E-4	0.042674253200569
1.662976E-4	0.042674253200569
1.667072E-4	0.05049786628734
1.671168E-4	0.042674253200569
1.675264E-4	0.0455192034139403
1.67936E-4	0.0490753911806543
1.683456E-4	0.042674253200569
1.687552E-4	0.0448079658605974
1.691648E-4	0.0433854907539118
1.695744E-4	0.0448079658605974
1.69984E-4	0.0376955903271693
1.703936E-4	0.0476529160739687
1.708032E-4	0.0341394025604552
1.712128E-4	0.0433854907539118
1.716224E-4	0.0462304409672831
1.72032E-4	0.0512091038406828
1.724416E-4	0.05049786628734
1.728512E-4	0.0554765291607397
1.732608E-4	0.0497866287339972
1.736704E-4	0.0419630156472262
1.7408E-4	0.0376955903271693
1.744896E-4	0.0320056899004267
1.748992E-4	0.0419630156472262
1.753088E-4	0.042674253200569
1.757184E-4	0.042674253200569
1.76128E-4	0.0355618776671408
1.765376E-4	0.0405405405405405
1.769472E-4	0.0320056899004267
1.773568E-4	0.0320056899004267
1.777664E-4	0.0412517780938834
1.78176E-4	0.0490753911806543
1.785856E-4	0.034850640113798
1.789952E-4	0.0448079658605974
1.794048E-4	0.034850640113798
1.798144E-4	0.0440967283072546
1.80224E-4	0.0412517780938834
1.806336E-4	0.0455192034139403
1.810432E-4	0.0433854907539118
1.814528E-4	0.034850640113798
1.818624E-4	0.0391180654338549
1.82272E-4	0.0412517780938834
1.826816E-4	0.042674253200569
1.830912E-4	0.0376955903271693
1.835008E-4	0.0448079658605974
1.839104E-4	0.0320056899004267
1.8432E-4	0.0355618776671408
1.847296E-4	0.0512091038406828
1.851392E-4	0.042674253200569
1.855488E-4	0.0384068278805121
1.859584E-4	0.0263157894736842
1.86368E-4	0.0455192034139403
1.867776E-4	0.0369843527738265
1.871872E-4	0.0312944523470839
1.875968E-4	0.0376955903271693
1.880064E-4	0.0248933143669986
1.88416E-4	0.0362731152204836
1.888256E-4	0.0256045519203414
1.892352E-4	0.0256045519203414
1.896448E-4	0.027027027027027
1.900544E-4	0.0369843527738265
1.90464E-4	0.027027027027027
1.908736E-4	0.0391180654338549
1.912832E-4	0.0320056899004267
1.916928E-4	0.0241820768136558
1.921024E-4	0.0384068278805121
1.92512E-4	0.0291607396870555
1.929216E-4	0.0241820768136558
1.933312E-4	0.0298719772403983
1.937408E-4	0.0334281650071124
1.941504E-4	0.0277382645803698
1.9456E-4	0.0355618776671408
1.949696E-4	0.0220483641536273
1.953792E-4	0.0405405405405405
1.957888E-4	0.0277382645803698
1.961984E-4	0.0334281650071124
1.96608E-4	0.0298719772403983
1.970176E-4	0.0341394025604552
1.974272E-4	0.0327169274537696
1.978368E-4	0.0320056899004267
1.982464E-4	0.0369843527738265
1.98656E-4	0.0291607396870555
1.990656E-4	0.0234708392603129
1.994752E-4	0.0320056899004267
1.998848E-4	0.0298719772403983
2.002944E-4	0.0362731152204836
2.00704E-4	0.0341394025604552
2.011136E-4	0.034850640113798
2.015232E-4	0.0234708392603129
2.019328E-4	0.0277382645803698
2.023424E-4	0.0327169274537696
2.02752E-4	0.0355618776671408
2.031616E-4	0.0284495021337127
2.035712E-4	0.0320056899004267
2.039808E-4	0.0256045519203414
2.043904E-4	0.0263157894736842
2.048E-4	0.0305832147937411
2.052096E-4	0.0241820768136558
2.056192E-4	0.0291607396870555
2.060288E-4	0.0263157894736842
2.064384E-4	0.0227596017069701
2.06848E-4	0.0220483641536273
2.072576E-4	0.0227596017069701
2.076672E-4	0.0263157894736842
2.080768E-4	0.0241820768136558
2.084864E-4	0.0277382645803698
2.08896E-4	0.0320056899004267
2.093056E-4	0.0312944523470839
2.097152E-4	0.0327169274537696
2.101248E-4	0.0263157894736842
2.105344E-4	0.0291607396870555
2.10944E-4	0.0234708392603129
2.113536E-4	0.0256045519203414
2.117632E-4	0.0213371266002845
2.121728E-4	0.027027027027027
2.125824E-4	0.0206258890469417
2.12992E-4	0.0291607396870555
2.134016E-4	0.0234708392603129
2.138112E-4	0.0277382645803698
2.142208E-4	0.0312944523470839
2.146304E-4	0.0248933143669986
2.1504E-4	0.0213371266002845
2.154496E-4	0.0170697012802276
2.158592E-4	0.019203413940256
2.162688E-4	0.0298719772403983
2.166784E-4	0.0149359886201991
2.17088E-4	0.0184921763869132
2.174976E-4	0.0234708392603129
2.179072E-4	0.0206258890469417
2.183168E-4	0.019203413940256
2.187264E-4	0.0305832147937411
2.19136E-4	0.0149359886201991
2.195456E-4	0.0227596017069701
2.199552E-4	0.0234708392603129
2.203648E-4	0.0284495021337127
2.207744E-4	0.0199146514935989
2.21184E-4	0.0213371266002845
2.215936E-4	0.0199146514935989
2.220032E-4	0.0227596017069701
2.224128E-4	0.0206258890469417
2.228224E-4	0.0241820768136558
2.23232E-4	0.0213371266002845
2.236416E-4	0.0241820768136558
2.240512E-4	0.0199146514935989
2.244608E-4	0.0220483641536273
2.248704E-4	0.0220483641536273
2.2528E-4	0.0256045519203414
2.256896E-4	0.0220483641536273
2.260992E-4	0.0163584637268848
2.265088E-4	0.0184921763869132
2.269184E-4	0.015647226173542
2.27328E-4	0.019203413940256
2.277376E-4	0.0184921763869132
2.281472E-4	0.0206258890469417
2.285568E-4	0.0234708392603129
2.289664E-4	0.0199146514935989
2.29376E-4	0.0163584637268848
2.297856E-4	0.0149359886201991
2.301952E-4	0.0177809388335704
2.306048E-4	0.0142247510668563
2.310144E-4	0.0177809388335704
2.31424E-4	0.0120910384068279
2.318336E-4	0.0184921763869132
2.322432E-4	0.0149359886201991
2.326528E-4	0.0184921763869132
2.330624E-4	0.0206258890469417
2.33472E-4	0.0213371266002845
2.338816E-4	0.0206258890469417
2.342912E-4	0.0177809388335704
2.347008E-4	0.0163584637268848
2.351104E-4	0.0149359886201991
2.3552E-4	0.0142247510668563
2.359296E-4	0.0199146514935989
2.363392E-4	0.0149359886201991
2.367488E-4	0.0227596017069701
2.371584E-4	0.0170697012802276
2.37568E-4	0.0220483641536273
2.379776E-4	0.0199146514935989
2.383872E-4	0.019203413940256
2.387968E-4	0.0163584637268848
2.392064E-4	0.0120910384068279
2.39616E-4	0.015647226173542
2.400256E-4	0.0149359886201991
2.404352E-4	0.0213371266002845
2.408448E-4	0.0163584637268848
2.412544E-4	0.0106685633001422
2.41664E-4	0.0163584637268848
2.420736E-4	0.0120910384068279
2.424832E-4	0.0135135135135135
2.428928E-4	0.0149359886201991
2.433024E-4	0.0184921763869132
2.43712E-4	0.0135135135135135
2.441216E-4	0.0170697012802276
2.445312E-4	0.0163584637268848
2.449408E-4	0.0142247510668563
2.453504E-4	0.00640113798008535
2.4576E-4	0.0177809388335704
2.461696E-4	0.0085348506401138
2.465792E-4	0.0135135135135135
2.469888E-4	0.0234708392603129
2.473984E-4	0.0120910384068279
2.47808E-4	0.0120910384068279
2.482176E-4	0.0135135135135135
2.486272E-4	0.0113798008534851
2.490368E-4	0.0142247510668563
2.494464E-4	0.0135135135135135
2.49856E-4	0.0220483641536273
2.502656E-4	0.0120910384068279
2.506752E-4	0.0163584637268848
2.510848E-4	0.0106685633001422
2.514944E-4	0.0206258890469417
2.51904E-4	0.0241820768136558
2.523136E-4	0.0199146514935989
2.527232E-4	0.00924608819345661
2.531328E-4	0.0135135135135135
2.535424E-4	0.0128022759601707
2.53952E-4	0.00995732574679943
2.543616E-4	0.0106685633001422
2.547712E-4	0.0177809388335704
2.551808E-4	0.0128022759601707
2.555904E-4	0.0120910384068279
2.56E-4	0.0149359886201991
2.564096E-4	0.015647226173542
2.568192E-4	0.0135135135135135
2.572288E-4	0.015647226173542
2.576384E-4	0.0149359886201991
2.58048E-4	0.015647226173542
2.584576E-4	0.0106685633001422
2.588672E-4	0.0142247510668563
2.592768E-4	0.0142247510668563
2.596864E-4	0.0113798008534851
2.60096E-4	0.00995732574679943
2.605056E-4	0.0113798008534851
2.609152E-4	0.0128022759601707
2.613248E-4	0.0149359886201991
2.617344E-4	0.0142247510668563
2.62144E-4	0.0106685633001422
2.625536E-4	0.0106685633001422
2.629632E-4	0.0085348506401138
2.633728E-4	0.00995732574679943
2.637824E-4	0.0085348506401138
2.64192E-4	0.00782361308677098
2.646016E-4	0.0149359886201991
2.650112E-4	0.0135135135135135
2.654208E-4	0.0106685633001422
2.658304E-4	0.0106685633001422
2.6624E-4	0.0184921763869132
2.666496E-4	0.0184921763869132
2.670592E-4	0.0085348506401138
2.674688E-4	0.0106685633001422
2.678784E-4	0.0142247510668563
2.68288E-4	0.0149359886201991
2.686976E-4	0.0120910384068279
2.691072E-4	0.0163584637268848
2.695168E-4	0.0120910384068279
2.699264E-4	0.0135135135135135
2.70336E-4	0.00995732574679943
2.707456E-4	0.0177809388335704
2.711552E-4	0.00782361308677098
2.715648E-4	0.00782361308677098
2.719744E-4	0.0085348506401138
2.72384E-4	0.00640113798008535
2.727936E-4	0.0085348506401138
2.732032E-4	0.0085348506401138
2.736128E-4	0.0128022759601707
2.740224E-4	0.0085348506401138
2.74432E-4	0.00640113798008535
2.748416E-4	0.00782361308677098
2.752512E-4	0.00995732574679943
2.756608E-4	0.0085348506401138
2.760704E-4	0.00995732574679943
2.7648E-4	0.0106685633001422
2.768896E-4	0.00995732574679943
2.772992E-4	0.0149359886201991
2.777088E-4	0.0128022759601707
2.781184E-4	0.00497866287339972
2.78528E-4	0.00924608819345661
2.789376E-4	0.00782361308677098
2.793472E-4	0.0120910384068279
2.797568E-4	0.00640113798008535
2.801664E-4	0.00995732574679943
2.80576E-4	0.0085348506401138
2.809856E-4	0.00924608819345661
2.813952E-4	0.00995732574679943
2.818048E-4	0.00924608819345661
2.822144E-4	0.00995732574679943
2.82624E-4	0.0106685633001422
2.830336E-4	0.00711237553342817
2.834432E-4	0.00782361308677098
2.838528E-4	0.0113798008534851
2.842624E-4	0.0085348506401138
2.84672E-4	0.0085348506401138
2.850816E-4	0.0128022759601707
2.854912E-4	0.0135135135135135
2.859008E-4	0.00568990042674253
2.863104E-4	0.0128022759601707
2.8672E-4	0.00995732574679943
2.871296E-4	0.0128022759601707
2.875392E-4	0.0106685633001422
2.879488E-4	0.0106685633001422
2.883584E-4	0.0106685633001422
2.88768E-4	0.00568990042674253
2.891776E-4	0.00995732574679943
2.895872E-4	0.00782361308677098
2.899968E-4	0.00711237553342817
2.904064E-4	0.00497866287339972
2.90816E-4	0.00995732574679943
2.912256E-4	0.0106685633001422
2.916352E-4	0.00640113798008535
2.920448E-4	0.00924608819345661
2.924544E-4	0.00995732574679943
2.92864E-4	0.00568990042674253
2.932736E-4	0.00995732574679943
2.936832E-4	0.0085348506401138
2.940928E-4	0.00782361308677098
2.945024E-4	0.00568990042674253
2.94912E-4	0.00995732574679943
2.953216E-4	0.00924608819345661
2.957312E-4	0.0042674253200569
2.961408E-4	0.00568990042674253
2.965504E-4	0.00782361308677098
2.9696E-4	0.0042674253200569
2.973696E-4	0.00568990042674253
2.977792E-4	0.0085348506401138
2.981888E-4	0.00711237553342817
2.985984E-4	0.00497866287339972
2.99008E-4	0.0106685633001422
2.994176E-4	0.0085348506401138
2.998272E-4	0.00711237553342817
3.002368E-4	0.0106685633001422
3.006464E-4	0.00213371266002845
3.01056E-4	0.00995732574679943
3.014656E-4	0.00711237553342817
3.018752E-4	0.00640113798008535
3.022848E-4	0.0113798008534851
3.026944E-4	0.00782361308677098
3.03104E-4	0.0128022759601707
3.035136E-4	0.0106685633001422
3.039232E-4	0.0042674253200569
3.043328E-4	0.00497866287339972
3.047424E-4	0.00355618776671408
3.05152E-4	0.00995732574679943
3.055616E-4	0.00924608819345661
3.059712E-4	0.00924608819345661
3.063808E-4	0.00782361308677098
3.067904E-4	0.00497866287339972
3.072E-4	0.0128022759601707
3.076096E-4	0.0042674253200569
3.080192E-4	0.00924608819345661
3.084288E-4	0.00355618776671408
3.088384E-4	0.0106685633001422
3.09248E-4	0.00640113798008535
3.096576E-4	0.00782361308677098
3.100672E-4	0.00640113798008535
3.104768E-4	0.00711237553342817
3.108864E-4	0.00782361308677098
3.11296E-4	0.00355618776671408
3.117056E-4	0.00711237553342817
3.121152E-4	0.00568990042674253
3.125248E-4	0.0085348506401138
3.129344E-4	0.00640113798008535
3.13344E-4	0.00711237553342817
3.137536E-4	0.00640113798008535
3.141632E-4	0.00782361308677098
3.145728E-4	0.0085348506401138
3.149824E-4	0.00213371266002845
3.15392E-4	0.00568990042674253
3.158016E-4	0.00497866287339972
3.162112E-4	0.00497866287339972
3.166208E-4	0.00640113798008535
3.170304E-4	0.00711237553342817
3.1744E-4	0.00640113798008535
3.178496E-4	0.00711237553342817
3.182592E-4	0.00640113798008535
3.186688E-4	0.00640113798008535
3.190784E-4	0.0042674253200569
3.19488E-4	0.0085348506401138
3.198976E-4	0.00355618776671408
3.203072E-4	0.00497866287339972
3.207168E-4	0.00497866287339972
3.211264E-4	0.00782361308677098
3.21536E-4	0.0085348506401138
3.219456E-4	0.00568990042674253
3.223552E-4	0.00497866287339972
3.227648E-4	0.00284495021337127
3.231744E-4	0.00497866287339972
3.23584E-4	0.00640113798008535
3.239936E-4	0.00497866287339972
3.244032E-4	0.0042674253200569
3.248128E-4	0.00355618776671408
3.252224E-4	0.0085348506401138
3.25632E-4	0.0042674253200569
3.260416E-4	0.00568990042674253
3.264512E-4	0.0085348506401138
3.268608E-4	0.00568990042674253
3.272704E-4	0.0042674253200569
3.2768E-4	0.00640113798008535
3.280896E-4	0.00497866287339972
3.284992E-4	0.00568990042674253
3.289088E-4	0.00640113798008535
3.293184E-4	0.00568990042674253
3.29728E-4	0.00568990042674253
3.301376E-4	0.0085348506401138
3.305472E-4	0.00568990042674253
3.309568E-4	0.00497866287339972
3.313664E-4	0.00497866287339972
3.31776E-4	0.00284495021337127
3.321856E-4	0.00568990042674253
3.325952E-4	0.00640113798008535
3.330048E-4	0.00640113798008535
3.334144E-4	0.00355618776671408
3.33824E-4	0.00640113798008535
3.342336E-4	0.00640113798008535
3.346432E-4	0.0042674253200569
3.350528E-4	0.0085348506401138
3.354624E-4	0.00568990042674253
3.35872E-4	0.00355618776671408
3.362816E-4	0.00640113798008535
3.366912E-4	0.00497866287339972
3.371008E-4	0.00355618776671408
3.375104E-4	0.00355618776671408
3.3792E-4	0.00568990042674253
3.383296E-4	0.00284495021337127
3.387392E-4	0.0042674253200569
3.391488E-4	0.00497866287339972
3.395584E-4	0.00355618776671408
3.39968E-4	7.11237553342817E-4
3.403776E-4	0.00497866287339972
3.407872E-4	0.00711237553342817
3.411968E-4	0.00568990042674253
3.416064E-4	0.00711237553342817
3.42016E-4	0.00568990042674253
3.424256E-4	0.0042674253200569
3.428352E-4	0.00497866287339972
3.432448E-4	0.00782361308677098
3.436544E-4	0.00355618776671408
3.44064E-4	0.0042674253200569
3.444736E-4	0.00497866287339972
3.448832E-4	0.00497866287339972
3.452928E-4	0.00568990042674253
3.457024E-4	0.00640113798008535
3.46112E-4	0.00284495021337127
3.465216E-4	0.00213371266002845
3.469312E-4	0.00355618776671408
3.473408E-4	0.0042674253200569
3.477504E-4	0.00497866287339972
3.4816E-4	0.00355618776671408
3.485696E-4	0.0042674253200569
3.489792E-4	0.00355618776671408
3.493888E-4	0.00284495021337127
3.497984E-4	0.00640113798008535
3.50208E-4	0.00142247510668563
3.506176E-4	0.00568990042674253
3.510272E-4	0
3.514368E-4	0.00640113798008535
3.518464E-4	0.0042674253200569
3.52256E-4	0.00355618776671408
3.526656E-4	0.0042674253200569
3.530752E-4	0.00640113798008535
3.534848E-4	0.00568990042674253
3.538944E-4	0.00355618776671408
3.54304E-4	0.00284495021337127
3.547136E-4	0.0042674253200569
3.551232E-4	0.00142247510668563
3.555328E-4	0.0042674253200569
3.559424E-4	0.00355618776671408
3.56352E-4	0.00142247510668563
3.567616E-4	0.00213371266002845
3.571712E-4	0.00284495021337127
3.575808E-4	0.00213371266002845
3.579904E-4	0.00355618776671408
3.584E-4	0.00568990042674253
3.588096E-4	0.00284495021337127
3.592192E-4	0.00711237553342817
3.596288E-4	0.00497866287339972
3.600384E-4	0.00355618776671408
3.60448E-4	0.00142247510668563
3.608576E-4	0.00213371266002845
3.612672E-4	0.00497866287339972
3.616768E-4	0.0042674253200569
3.620864E-4	0.00213371266002845
3.62496E-4	0.00284495021337127
3.629056E-4	0.00355618776671408
3.633152E-4	0.0042674253200569
3.637248E-4	0.0042674253200569
3.641344E-4	0.00142247510668563
3.64544E-4	0.0042674253200569
3.649536E-4	0.00284495021337127
3.653632E-4	0.00213371266002845
3.657728E-4	0.00142247510668563
3.661824E-4	0.00355618776671408
3.66592E-4	0.00497866287339972
3.670016E-4	0.00355618776671408
3.674112E-4	0.00142247510668563
3.678208E-4	0.00284495021337127
3.682304E-4	0.00213371266002845
3.6864E-4	0.00142247510668563
3.690496E-4	0.0042674253200569
3.694592E-4	0.00355618776671408
3.698688E-4	0.00355618776671408
3.702784E-4	0.00568990042674253
3.70688E-4	0.0042674253200569
3.710976E-4	0.00355618776671408
3.715072E-4	0.0042674253200569
3.719168E-4	0.0042674253200569
3.723264E-4	0.00284495021337127
3.72736E-4	0.00213371266002845
3.731456E-4	0.00213371266002845
3.735552E-4	0.0042674253200569
3.739648E-4	0.00284495021337127
3.743744E-4	0.0042674253200569
3.74784E-4	0.00142247510668563
3.751936E-4	7.11237553342817E-4
3.756032E-4	0.00355618776671408
3.760128E-4	0.00284495021337127
3.764224E-4	0.00497866287339972
3.76832E-4	0.00568990042674253
3.772416E-4	0.00213371266002845
3.776512E-4	0.00213371266002845
3.780608E-4	0.00284495021337127
3.784704E-4	0.00355618776671408
3.7888E-4	0.00142247510668563
3.792896E-4	0.0042674253200569
3.796992E-4	0.00497866287339972
3.801088E-4	0.00142247510668563
3.805184E-4	0.00284495021337127
3.80928E-4	0.00497866287339972
3.813376E-4	0.00213371266002845
3.817472E-4	0.00497866287339972
3.821568E-4	0.00213371266002845
3.825664E-4	7.11237553342817E-4
3.82976E-4	0.00355618776671408
3.833856E-4	0.00142247510668563
3.837952E-4	0.00355618776671408
3.842048E-4	0.00568990042674253
3.846144E-4	0.00213371266002845
3.85024E-4	0.0042674253200569
3.854336E-4	0.0042674253200569
3.858432E-4	0.00355618776671408
3.862528E-4	0.00142247510668563
3.866624E-4	0.00355618776671408
3.87072E-4	0.0042674253200569
3.874816E-4	0.00284495021337127
3.878912E-4	0.00284495021337127
3.883008E-4	0.00284495021337127
3.887104E-4	0.00213371266002845
3.8912E-4	0.00284495021337127
3.895296E-4	0.00284495021337127
3.899392E-4	0.00213371266002845
3.903488E-4	0.00497866287339972
3.907584E-4	0.00640113798008535
3.91168E-4	0.00213371266002845
3.915776E-4	0.00497866287339972
3.919872E-4	0.00284495021337127
3.923968E-4	0.00142247510668563
3.928064E-4	0.00142247510668563
3.93216E-4	0.00355618776671408
3.936256E-4	0.00284495021337127
3.940352E-4	0.00142247510668563
3.944448E-4	0.00213371266002845
3.948544E-4	0.0042674253200569
3.95264E-4	0.00284495021337127
3.956736E-4	0.00284495021337127
3.960832E-4	0.00497866287339972
3.964928E-4	0.00142247510668563
3.969024E-4	0.00213371266002845
3.97312E-4	0.00640113798008535
3.977216E-4	0
3.981312E-4	0.00142247510668563
3.985408E-4	0.00284495021337127
3.989504E-4	0.00213371266002845
3.9936E-4	0.00213371266002845
3.997696E-4	0.00568990042674253
4.001792E-4	0.00355618776671408
4.005888E-4	0.0042674253200569
4.009984E-4	0.00213371266002845
4.01408E-4	0.00213371266002845
4.018176E-4	0.00213371266002845
4.022272E-4	0.00142247510668563
4.026368E-4	0.00355618776671408
4.030464E-4	0.00355618776671408
4.03456E-4	0.00213371266002845
4.038656E-4	0.00213371266002845
4.042752E-4	0.00213371266002845
4.046848E-4	0.00213371266002845
4.050944E-4	0.00284495021337127
4.05504E-4	0.00284495021337127
4.059136E-4	0.00213371266002845
4.063232E-4	0.00284495021337127
4.067328E-4	7.11237553342817E-4
4.071424E-4	0.00284495021337127
4.07552E-4	0
4.079616E-4	0.00497866287339972
4.083712E-4	0.00213371266002845
4.087808E-4	0.00213371266002845
4.091904E-4	7.11237553342817E-4
4.096E-4	0.00213371266002845
4.100096E-4	7.11237553342817E-4
4.104192E-4	0.00213371266002845
4.108288E-4	0.00213371266002845
4.112384E-4	0.00213371266002845
4.11648E-4	0.00213371266002845
4.120576E-4	0.00497866287339972
4.124672E-4	0.00142247510668563
4.128768E-4	0.00284495021337127
4.132864E-4	0.00355618776671408
4.13696E-4	0.00142247510668563
4.141056E-4	0.00142247510668563
4.145152E-4	0.00213371266002845
4.149248E-4	0.00284495021337127
4.153344E-4	0.0042674253200569
4.15744E-4	0.00142247510668563
4.161536E-4	0.00142247510668563
4.165632E-4	0.00142247510668563
4.169728E-4	0.00355618776671408
4.173824E-4	0.00213371266002845
4.17792E-4	0.00142247510668563
4.182016E-4	0.00142247510668563
4.186112E-4	7.11237553342817E-4
4.190208E-4	0.00284495021337127
4.194304E-4	0.00142247510668563
4.1984E-4	0.00355618776671408
4.202496E-4	0.00284495021337127
4.206592E-4	0.00142247510668563
4.210688E-4	0.00142247510668563
4.214784E-4	0.00284495021337127
4.21888E-4	7.11237553342817E-4
4.222976E-4	0
4.227072E-4	7.11237553342817E-4
4.231168E-4	0.00213371266002845
4.235264E-4	0.00142247510668563
4.23936E-4	7.11237553342817E-4
4.243456E-4	0.00284495021337127
4.247552E-4	0.00497866287339972
4.251648E-4	0.00213371266002845
4.255744E-4	0.00142247510668563
4.25984E-4	0.00213371266002845
4.263936E-4	7.11237553342817E-4
4.268032E-4	0.00355618776671408
4.272128E-4	0.00213371266002845
4.276224E-4	0.00213371266002845
4.28032E-4	0.00355618776671408
4.284416E-4	0.00213371266002845
4.288512E-4	0.00142247510668563
4.292608E-4	0.00142247510668563
4.296704E-4	0.00213371266002845
4.3008E-4	0.00284495021337127
4.304896E-4	0.00284495021337127
4.308992E-4	0.00142247510668563
4.313088E-4	7.11237553342817E-4
4.317184E-4	7.11237553342817E-4
4.32128E-4	0
4.325376E-4	0.00142247510668563
4.329472E-4	0.00497866287339972
4.333568E-4	0.00142247510668563
4.337664E-4	0.00142247510668563
4.34176E-4	0.00284495021337127
4.345856E-4	0.00640113798008535
4.349952E-4	0.00142247510668563
4.354048E-4	7.11237553342817E-4
4.358144E-4	0.00142247510668563
4.36224E-4	0.00568990042674253
4.366336E-4	0.00142247510668563
4.370432E-4	0.00142247510668563
4.374528E-4	7.11237553342817E-4
4.378624E-4	0
4.38272E-4	7.11237553342817E-4
4.386816E-4	0.00284495021337127
4.390912E-4	7.11237553342817E-4
4.395008E-4	0.00497866287339972
4.399104E-4	0
4.4032E-4	0.00213371266002845
4.407296E-4	0.00142247510668563
4.411392E-4	0.00213371266002845
4.415488E-4	0.00213371266002845
4.419584E-4	0.00213371266002845
4.42368E-4	0.00142247510668563
4.427776E-4	0.00213371266002845
4.431872E-4	0.00213371266002845
4.435968E-4	0
4.440064E-4	0.00213371266002845
4.44416E-4	0.00284495021337127
4.448256E-4	7.11237553342817E-4
4.452352E-4	0.00213371266002845
4.456448E-4	0.00142247510668563
4.460544E-4	0.00213371266002845
4.46464E-4	7.11237553342817E-4
4.468736E-4	7.11237553342817E-4
4.472832E-4	0
4.476928E-4	0
4.481024E-4	0.00142247510668563
4.48512E-4	0.00568990042674253
4.489216E-4	0
4.493312E-4	7.11237553342817E-4
4.497408E-4	0.00142247510668563
4.501504E-4	0.00142247510668563
4.5056E-4	0.00355618776671408
4.509696E-4	7.11237553342817E-4
4.513792E-4	7.11237553342817E-4
4.517888E-4	0.00142247510668563
4.521984E-4	7.11237553342817E-4
4.52608E-4	0
4.530176E-4	0
4.534272E-4	0.00142247510668563
4.538368E-4	7.11237553342817E-4
4.542464E-4	0.00142247510668563
4.54656E-4	7.11237553342817E-4
4.550656E-4	0
4.554752E-4	0.00213371266002845
4.558848E-4	0.00142247510668563
4.562944E-4	7.11237553342817E-4
4.56704E-4	0.00142247510668563
4.571136E-4	7.11237553342817E-4
4.575232E-4	7.11237553342817E-4
4.579328E-4	0.00213371266002845
4.583424E-4	7.11237553342817E-4
4.58752E-4	0.00213371266002845
4.591616E-4	0.00284495021337127
4.595712E-4	7.11237553342817E-4
4.599808E-4	0.00142247510668563
4.603904E-4	0.00284495021337127
4.608E-4	0
4.612096E-4	0.0042674253200569
4.616192E-4	0
4.620288E-4	7.11237553342817E-4
4.624384E-4	0
4.62848E-4	0.00142247510668563
4.632576E-4	0.00284495021337127
4.636672E-4	0.00142247510668563
4.640768E-4	0.00355618776671408
4.644864E-4	0.00142247510668563
4.64896E-4	0.00284495021337127
4.653056E-4	7.11237553342817E-4
4.657152E-4	0
4.661248E-4	7.11237553342817E-4
4.665344E-4	0.00142247510668563
4.66944E-4	0
4.673536E-4	0.00142247510668563
4.677632E-4	0.00284495021337127
4.681728E-4	0.00213371266002845
4.685824E-4	7.11237553342817E-4
4.68992E-4	0
4.694016E-4	7.11237553342817E-4
4.698112E-4	0.00142247510668563
4.702208E-4	7.11237553342817E-4
4.706304E-4	0.00213371266002845
4.7104E-4	0.00142247510668563
4.714496E-4	0.00355618776671408
4.718592E-4	0.00142247510668563
4.722688E-4	7.11237553342817E-4
4.726784E-4	7.11237553342817E-4
4.73088E-4	0
4.734976E-4	0.00142247510668563
4.739072E-4	7.11237553342817E-4
4.743168E-4	0.00142247510668563
4.747264E-4	0
4.75136E-4	0.00213371266002845
4.755456E-4	0.00355618776671408
4.759552E-4	0.00213371266002845
4.763648E-4	7.11237553342817E-4
4.767744E-4	0
4.77184E-4	0
4.775936E-4	0.00142247510668563
4.780032E-4	0.00284495021337127
4.784128E-4	0
4.788224E-4	7.11237553342817E-4
4.79232E-4	7.11237553342817E-4
4.796416E-4	7.11237553342817E-4
4.800512E-4	0.00213371266002845
4.804608E-4	7.11237553342817E-4
4.808704E-4	7.11237553342817E-4
4.8128E-4	7.11237553342817E-4
4.816896E-4	0.00355618776671408
4.820992E-4	0
4.825088E-4	7.11237553342817E-4
4.829184E-4	0.00142247510668563
4.83328E-4	0
4.837376E-4	7.11237553342817E-4
4.841472E-4	0.00213371266002845
4.845568E-4	7.11237553342817E-4
4.849664E-4	0.00142247510668563
4.85376E-4	0.00142247510668563
4.857856E-4	7.11237553342817E-4
4.861952E-4	7.11237553342817E-4
4.866048E-4	0.00142247510668563
4.870144E-4	0.00142247510668563
4.87424E-4	0.00142247510668563
4.878336E-4	0.00213371266002845
4.882432E-4	7.11237553342817E-4
4.886528E-4	0.00142247510668563
4.890624E-4	0.00213371266002845
4.89472E-4	0.00142247510668563
4.898816E-4	0.00213371266002845
4.902912E-4	0.00142247510668563
4.907008E-4	7.11237553342817E-4
4.911104E-4	0.00213371266002845
4.9152E-4	0
4.919296E-4	0.00142247510668563
4.923392E-4	7.11237553342817E-4
4.927488E-4	0.00213371266002845
4.931584E-4	7.11237553342817E-4
4.93568E-4	0.00142247510668563
4.939776E-4	0.00284495021337127
4.943872E-4	0
4.947968E-4	0.00142247510668563
4.952064E-4	7.11237553342817E-4
4.95616E-4	0
4.960256E-4	0
4.964352E-4	0
4.968448E-4	7.11237553342817E-4
4.972544E-4	7.11237553342817E-4
4.97664E-4	0
4.980736E-4	7.11237553342817E-4
4.984832E-4	7.11237553342817E-4
4.988928E-4	0
4.993024E-4	7.11237553342817E-4
4.99712E-4	7.11237553342817E-4
5.001216E-4	7.11237553342817E-4
5.005312E-4	0.00213371266002845
5.009408E-4	0
5.013504E-4	0.00142247510668563
5.0176E-4	7.11237553342817E-4
5.021696E-4	0.00142247510668563
5.025792E-4	0
5.029888E-4	0.00142247510668563
5.033984E-4	0
5.03808E-4	7.11237553342817E-4
5.042176E-4	0
5.046272E-4	7.11237553342817E-4
5.050368E-4	7.11237553342817E-4
5.054464E-4	7.11237553342817E-4
5.05856E-4	7.11237553342817E-4
5.062656E-4	0
5.066752E-4	7.11237553342817E-4
5.070848E-4	7.11237553342817E-4
5.074944E-4	7.11237553342817E-4
5.07904E-4	0.00142247510668563
5.083136E-4	0.00213371266002845
5.087232E-4	7.11237553342817E-4
5.091328E-4	0
5.095424E-4	7.11237553342817E-4
5.09952E-4	0
5.103616E-4	0.00213371266002845
5.107712E-4	0.00142247510668563
5.111808E-4	7.11237553342817E-4
5.115904E-4	0.00284495021337127
5.12E-4	0
5.124096E-4	7.11237553342817E-4
5.128192E-4	0.00142247510668563
5.132288E-4	0
5.136384E-4	0
5.14048E-4	7.11237553342817E-4
5.144576E-4	7.11237553342817E-4
5.148672E-4	7.11237553342817E-4
5.152768E-4	0.00213371266002845
5.156864E-4	0.00142247510668563
5.16096E-4	0.00142247510668563
5.165056E-4	7.11237553342817E-4
5.169152E-4	0
5.173248E-4	7.11237553342817E-4
5.177344E-4	0.00213371266002845
5.18144E-4	0
5.185536E-4	0.00142247510668563
5.189632E-4	7.11237553342817E-4
5.193728E-4	7.11237553342817E-4
5.197824E-4	7.11237553342817E-4
5.20192E-4	0
5.206016E-4	7.11237553342817E-4
5.210112E-4	7.11237553342817E-4
5.214208E-4	0
5.218304E-4	0
5.2224E-4	0.00213371266002845
5.226496E-4	7.11237553342817E-4
5.230592E-4	0
5.234688E-4	0.00142247510668563
5.238784E-4	0
5.24288E-4	7.11237553342817E-4
5.246976E-4	7.11237553342817E-4
5.251072E-4	7.11237553342817E-4
5.255168E-4	7.11237553342817E-4
5.259264E-4	0
5.26336E-4	0.00142247510668563
5.267456E-4	7.11237553342817E-4
5.271552E-4	7.11237553342817E-4
5.275648E-4	7.11237553342817E-4
5.279744E-4	0
5.28384E-4	0
5.287936E-4	0.00142247510668563
5.292032E-4	0
5.296128E-4	7.11237553342817E-4
5.300224E-4	0.00142247510668563
5.30432E-4	0
5.308416E-4	7.11237553342817E-4
5.312512E-4	7.11237553342817E-4
5.316608E-4	0.00142247510668563
5.320704E-4	7.11237553342817E-4
5.3248E-4	0
5.328896E-4	7.11237553342817E-4
5.332992E-4	7.11237553342817E-4
5.337088E-4	7.11237553342817E-4
5.341184E-4	7.11237553342817E-4
5.34528E-4	0
5.349376E-4	7.11237553342817E-4
5.353472E-4	0.00213371266002845
5.357568E-4	7.11237553342817E-4
5.361664E-4	0
5.36576E-4	0
5.369856E-4	0.00142247510668563
5.373952E-4	0.00142247510668563
5.378048E-4	7.11237553342817E-4
5.382144E-4	0
5.38624E-4	0.00142247510668563
5.390336E-4	7.11237553342817E-4
5.394432E-4	0
5.398528E-4	7.11237553342817E-4
5.402624E-4	0.00142247510668563
5.40672E-4	7.11237553342817E-4
5.410816E-4	7.11237553342817E-4
5.414912E-4	0.00142247510668563
5.419008E-4	0.00142247510668563
5.423104E-4	0.00213371266002845
5.4272E-4	7.11237553342817E-4
5.431296E-4	7.11237553342817E-4
5.435392E-4	0
5.439488E-4	0.00142247510668563
5.443584E-4	7.11237553342817E-4
5.44768E-4	7.11237553342817E-4
5.451776E-4	7.11237553342817E-4
5.455872E-4	0.00213371266002845
5.459968E-4	0
5.464064E-4	0.00142247510668563
5.46816E-4	7.11237553342817E-4
5.472256E-4	0
5.476352E-4	0.00142247510668563
5.480448E-4	0.00213371266002845
5.484544E-4	7.11237553342817E-4
5.48864E-4	7.11237553342817E-4
5.492736E-4	0
5.496832E-4	7.11237553342817E-4
5.500928E-4	7.11237553342817E-4
5.505024E-4	7.11237553342817E-4
5.50912E-4	0
5.513216E-4	7.11237553342817E-4
5.517312E-4	0
5.521408E-4	7.11237553342817E-4
5.525504E-4	7.11237553342817E-4
5.5296E-4	7.11237553342817E-4
5.533696E-4	0
5.537792E-4	7.11237553342817E-4
5.541888E-4	0.00213371266002845
5.545984E-4	0
5.55008E-4	0
5.554176E-4	0
5.558272E-4	7.11237553342817E-4
5.562368E-4	7.11237553342817E-4
5.566464E-4	7.11237553342817E-4
5.57056E-4	7.11237553342817E-4
5.574656E-4	7.11237553342817E-4
5.578752E-4	0.00142247510668563
5.582848E-4	7.11237553342817E-4
5.586944E-4	0.00142247510668563
5.59104E-4	7.11237553342817E-4
5.595136E-4	0
5.599232E-4	0
5.603328E-4	0
5.607424E-4	7.11237553342817E-4
5.61152E-4	7.11237553342817E-4
5.615616E-4	7.11237553342817E-4
5.619712E-4	0
5.623808E-4	7.11237553342817E-4
5.627904E-4	0
5.632E-4	7.11237553342817E-4
5.636096E-4	0
5.640192E-4	7.11237553342817E-4
5.644288E-4	7.11237553342817E-4
5.648384E-4	7.11237553342817E-4
5.65248E-4	0.00213371266002845
5.656576E-4	7.11237553342817E-4
5.660672E-4	0
5.664768E-4	7.11237553342817E-4
5.668864E-4	7.11237553342817E-4
5.67296E-4	7.11237553342817E-4
5.677056E-4	7.11237553342817E-4
5.681152E-4	0
5.685248E-4	7.11237553342817E-4
5.689344E-4	0.00142247510668563
5.69344E-4	0.00213371266002845
5.697536E-4	7.11237553342817E-4
5.701632E-4	0
5.705728E-4	0
5.709824E-4	0
5.71392E-4	0
5.718016E-4	0
5.722112E-4	7.11237553342817E-4
5.726208E-4	0
5.730304E-4	7.11237553342817E-4
5.7344E-4	0
5.738496E-4	0.00142247510668563
5.742592E-4	7.11237553342817E-4
5.746688E-4	7.11237553342817E-4
5.750784E-4	0.00142247510668563
5.75488E-4	0
5.758976E-4	0
5.763072E-4	7.11237553342817E-4
5.767168E-4	0
5.771264E-4	0
5.77536E-4	0
5.779456E-4	0.00213371266002845
5.783552E-4	7.11237553342817E-4
5.787648E-4	0
5.791744E-4	0.00284495021337127
5.79584E-4	0
5.799936E-4	7.11237553342817E-4
5.804032E-4	0
5.808128E-4	7.11237553342817E-4
5.812224E-4	7.11237553342817E-4
5.81632E-4	7.11237553342817E-4
5.820416E-4	0
5.824512E-4	0.00142247510668563
5.828608E-4	7.11237553342817E-4
5.832704E-4	0.00142247510668563
5.8368E-4	0
5.840896E-4	7.11237553342817E-4
5.844992E-4	0
5.849088E-4	0
5.853184E-4	7.11237553342817E-4
5.85728E-4	0
5.861376E-4	7.11237553342817E-4
5.865472E-4	0.00142247510668563
5.869568E-4	0.00142247510668563
5.873664E-4	0.00213371266002845
5.87776E-4	0.00284495021337127
5.881856E-4	0
5.885952E-4	0
5.890048E-4	7.11237553342817E-4
5.894144E-4	7.11237553342817E-4
5.89824E-4	0
5.902336E-4	0
5.906432E-4	0
5.910528E-4	7.11237553342817E-4
5.914624E-4	0
5.91872E-4	0
5.922816E-4	0
5.926912E-4	0
5.931008E-4	0
5.935104E-4	0
5.9392E-4	0
5.943296E-4	7.11237553342817E-4
5.947392E-4	0
5.951488E-4	0
5.955584E-4	0
5.95968E-4	0
5.963776E-4	7.11237553342817E-4
5.967872E-4	7.11237553342817E-4
5.971968E-4	0
5.976064E-4	0
5.98016E-4	0
5.984256E-4	0
5.988352E-4	7.11237553342817E-4
5.992448E-4	0.00142247510668563
5.996544E-4	0
6.00064E-4	7.11237553342817E-4
6.004736E-4	0
6.008832E-4	0
6.012928E-4	0
6.017024E-4	0
6.02112E-4	0
6.025216E-4	0
6.029312E-4	0
6.033408E-4	0
6.037504E-4	0
6.0416E-4	0
6.045696E-4	0
6.049792E-4	7.11237553342817E-4
6.053888E-4	0.00213371266002845
6.057984E-4	7.11237553342817E-4
6.06208E-4	0
6.066176E-4	0
6.070272E-4	7.11237553342817E-4
6.074368E-4	0
6.078464E-4	7.11237553342817E-4
6.08256E-4	0
6.086656E-4	7.11237553342817E-4
6.090752E-4	0
6.094848E-4	0
6.098944E-4	7.11237553342817E-4
6.10304E-4	0
6.107136E-4	0
6.111232E-4	0
6.115328E-4	7.11237553342817E-4
6.119424E-4	0
6.12352E-4	0
6.127616E-4	0
6.131712E-4	0
6.135808E-4	7.11237553342817E-4
6.139904E-4	0
6.144E-4	0.00213371266002845
6.148096E-4	0
6.152192E-4	0
6.156288E-4	0
6.160384E-4	7.11237553342817E-4
6.16448E-4	0
6.168576E-4	0
6.172672E-4	0
6.176768E-4	0
6.180864E-4	0
6.18496E-4	7.11237553342817E-4
6.189056E-4	7.11237553342817E-4
6.193152E-4	7.11237553342817E-4
6.197248E-4	0
6.201344E-4	0
6.20544E-4	7.11237553342817E-4
6.209536E-4	0.00142247510668563
6.213632E-4	0.00213371266002845
6.217728E-4	7.11237553342817E-4
6.221824E-4	7.11237553342817E-4
6.22592E-4	0
6.230016E-4	0
6.234112E-4	7.11237553342817E-4
6.238208E-4	0
6.242304E-4	0.00142247510668563
6.2464E-4	0
6.250496E-4	7.11237553342817E-4
6.254592E-4	0.00213371266002845
6.258688E-4	0
6.262784E-4	0
6.26688E-4	0
6.270976E-4	0
6.275072E-4	0
6.279168E-4	7.11237553342817E-4
6.283264E-4	7.11237553342817E-4
6.28736E-4	0
6.291456E-4	0
6.295552E-4	0
6.299648E-4	0
6.303744E-4	0
6.30784E-4	7.11237553342817E-4
6.311936E-4	0
6.316032E-4	0
6.320128E-4	0
6.324224E-4	7.11237553342817E-4
6.32832E-4	7.11237553342817E-4
6.332416E-4	0
6.336512E-4	7.11237553342817E-4
6.340608E-4	0
6.344704E-4	0
6.3488E-4	0
6.352896E-4	0
6.356992E-4	0
6.361088E-4	7.11237553342817E-4
6.365184E-4	0
6.36928E-4	7.11237553342817E-4
6.373376E-4	7.11237553342817E-4
6.377472E-4	0
6.381568E-4	7.11237553342817E-4
6.385664E-4	7.11237553342817E-4
6.38976E-4	0.00142247510668563
6.393856E-4	0
6.397952E-4	7.11237553342817E-4
6.402048E-4	0.00142247510668563
6.406144E-4	0
6.41024E-4	0
6.414336E-4	7.11237553342817E-4
6.418432E-4	0
6.422528E-4	0.00142247510668563
6.426624E-4	7.11237553342817E-4
6.43072E-4	0
6.434816E-4	0.00142247510668563
6.438912E-4	0
6.443008E-4	0
6.447104E-4	7.11237553342817E-4
6.4512E-4	0.00142247510668563
6.455296E-4	0
6.459392E-4	0
6.463488E-4	0
6.467584E-4	7.11237553342817E-4
6.47168E-4	0
6.475776E-4	0.00142247510668563
6.479872E-4	0
6.483968E-4	0
6.488064E-4	0
6.49216E-4	0
6.496256E-4	7.11237553342817E-4
6.500352E-4	0
6.504448E-4	0
6.508544E-4	0.00142247510668563
6.51264E-4	0
6.516736E-4	7.11237553342817E-4
6.520832E-4	0
6.524928E-4	0
6.529024E-4	0.00142247510668563
6.53312E-4	0
6.537216E-4	0
6.541312E-4	0
6.545408E-4	0.00142247510668563
6.549504E-4	0
6.5536E-4	0
6.557696E-4	7.11237553342817E-4
6.561792E-4	7.11237553342817E-4
6.565888E-4	0
6.569984E-4	0.00213371266002845
6.57408E-4	0
6.578176E-4	7.11237553342817E-4
6.582272E-4	0
6.586368E-4	0
6.590464E-4	0
6.59456E-4	0
6.598656E-4	0
6.602752E-4	0
6.606848E-4	0
6.610944E-4	0
6.61504E-4	0
6.619136E-4	0
6.623232E-4	7.11237553342817E-4
6.627328E-4	0
6.631424E-4	0
6.63552E-4	7.11237553342817E-4
6.639616E-4	0
6.643712E-4	0
6.647808E-4	0
6.651904E-4	0
6.656E-4	0
6.660096E-4	0
6.664192E-4	0
6.668288E-4	0
6.672384E-4	0
6.67648E-4	7.11237553342817E-4
6.680576E-4	0
6.684672E-4	0
6.688768E-4	7.11237553342817E-4
6.692864E-4	7.11237553342817E-4
6.69696E-4	0
6.701056E-4	7.11237553342817E-4
6.705152E-4	0
6.709248E-4	0
6.713344E-4	0
6.71744E-4	7.11237553342817E-4
6.721536E-4	0
6.725632E-4	0
6.729728E-4	0
6.733824E-4	0
6.73792E-4	0
6.742016E-4	0
6.746112E-4	7.11237553342817E-4
6.750208E-4	0
6.754304E-4	0
6.7584E-4	0
6.762496E-4	7.11237553342817E-4
6.766592E-4	0.00142247510668563
6.770688E-4	0
6.774784E-4	7.11237553342817E-4
6.77888E-4	7.11237553342817E-4
6.782976E-4	7.11237553342817E-4
6.787072E-4	0
6.791168E-4	0
6.795264E-4	0
6.79936E-4	0
6.803456E-4	0.00142247510668563
6.807552E-4	0
6.811648E-4	0
6.815744E-4	0
6.81984E-4	0
6.823936E-4	0
6.828032E-4	0
6.832128E-4	0
6.836224E-4	0
6.84032E-4	0
6.844416E-4	0
6.848512E-4	0.00142247510668563
6.852608E-4	0
6.856704E-4	0
6.8608E-4	0
6.864896E-4	0
6.868992E-4	0
6.873088E-4	7.11237553342817E-4
6.877184E-4	0
6.88128E-4	0
6.885376E-4	0
6.889472E-4	0
6.893568E-4	7.11237553342817E-4
6.897664E-4	0
6.90176E-4	0
6.905856E-4	0
6.909952E-4	0
6.914048E-4	7.11237553342817E-4
6.918144E-4	0
6.92224E-4	0
6.926336E-4	0
6.930432E-4	0
6.934528E-4	0
6.938624E-4	0
6.94272E-4	7.11237553342817E-4
6.946816E-4	0.00213371266002845
6.950912E-4	0
6.955008E-4	0
6.959104E-4	0
6.9632E-4	0.00142247510668563
6.967296E-4	0
6.971392E-4	0
6.975488E-4	7.11237553342817E-4
6.979584E-4	7.11237553342817E-4
6.98368E-4	0
6.987776E-4	7.11237553342817E-4
6.991872E-4	0.00142247510668563
6.995968E-4	7.11237553342817E-4
7.000064E-4	7.11237553342817E-4
7.00416E-4	0
7.008256E-4	0
7.012352E-4	0
7.016448E-4	0
7.020544E-4	7.11237553342817E-4
7.02464E-4	0
7.028736E-4	7.11237553342817E-4
7.032832E-4	0
7.036928E-4	0
7.041024E-4	0.00142247510668563
7.04512E-4	7.11237553342817E-4
7.049216E-4	0
7.053312E-4	0
7.057408E-4	0
7.061504E-4	0
7.0656E-4	0
7.069696E-4	0
7.073792E-4	7.11237553342817E-4
7.077888E-4	0
7.081984E-4	0.00142247510668563
7.08608E-4	0
7.090176E-4	7.11237553342817E-4
7.094272E-4	0
7.098368E-4	0
7.102464E-4	0
7.10656E-4	7.11237553342817E-4
7.110656E-4	0
7.114752E-4	0
7.118848E-4	0
7.122944E-4	0
7.12704E-4	0
7.131136E-4	0
7.135232E-4	0
7.139328E-4	0
7.143424E-4	0
7.14752E-4	0
7.151616E-4	7.11237553342817E-4
7.155712E-4	0
7.159808E-4	0
7.163904E-4	0
7.168E-4	0
7.172096E-4	0
7.176192E-4	0
7.180288E-4	0
7.184384E-4	0
7.18848E-4	7.11237553342817E-4
7.192576E-4	0
7.196672E-4	0
7.200768E-4	7.11237553342817E-4
7.204864E-4	0
7.20896E-4	7.11237553342817E-4
7.213056E-4	0
7.217152E-4	0
7.221248E-4	0
7.225344E-4	0
7.22944E-4	7.11237553342817E-4
7.233536E-4	0
7.237632E-4	0
7.241728E-4	0
7.245824E-4	0
7.24992E-4	0
7.254016E-4	0
7.258112E-4	0
7.262208E-4	0
7.266304E-4	7.11237553342817E-4
7.2704E-4	0
7.274496E-4	0
7.278592E-4	7.11237553342817E-4
7.282688E-4	0
7.286784E-4	0
7.29088E-4	0
7.294976E-4	0
7.299072E-4	0
7.303168E-4	0
7.307264E-4	0
7.31136E-4	0
7.315456E-4	7.11237553342817E-4
7.319552E-4	0
7.323648E-4	0
7.327744E-4	0
7.33184E-4	0
7.335936E-4	0
7.340032E-4	0
7.344128E-4	0
7.348224E-4	0
7.35232E-4	7.11237553342817E-4
7.356416E-4	0
7.360512E-4	0
7.364608E-4	0
7.368704E-4	0
7.3728E-4	0
7.376896E-4	0
7.380992E-4	0
7.385088E-4	0
7.389184E-4	0
7.39328E-4	0
7.397376E-4	7.11237553342817E-4
7.401472E-4	7.11237553342817E-4
7.405568E-4	0
7.409664E-4	0
7.41376E-4	0
7.417856E-4	0
7.421952E-4	0
7.426048E-4	0
7.430144E-4	0
7.43424E-4	0
7.438336E-4	7.11237553342817E-4
7.442432E-4	0
7.446528E-4	0
7.450624E-4	0
7.45472E-4	0
7.458816E-4	0
7.462912E-4	7.11237553342817E-4
7.467008E-4	0
7.471104E-4	7.11237553342817E-4
7.4752E-4	0
7.479296E-4	0
7.483392E-4	0.00142247510668563
7.487488E-4	0
7.491584E-4	7.11237553342817E-4
7.49568E-4	7.11237553342817E-4
7.499776E-4	0
7.503872E-4	0
7.507968E-4	0
7.512064E-4	0
7.51616E-4	0
7.520256E-4	0
7.524352E-4	0
7.528448E-4	0
7.532544E-4	0
7.53664E-4	7.11237553342817E-4
7.540736E-4	0
7.544832E-4	0
7.548928E-4	7.11237553342817E-4
7.553024E-4	0
7.55712E-4	0
7.561216E-4	0
7.565312E-4	0
7.569408E-4	7.11237553342817E-4
7.573504E-4	0
7.5776E-4	0
7.581696E-4	0
7.585792E-4	0
7.589888E-4	0
7.593984E-4	0
7.59808E-4	0
7.602176E-4	0
7.606272E-4	0
7.610368E-4	0
7.614464E-4	0
7.61856E-4	0
7.622656E-4	0
7.626752E-4	7.11237553342817E-4
7.630848E-4	0
7.634944E-4	0
7.63904E-4	0
7.643136E-4	0
7.647232E-4	0
7.651328E-4	0
7.655424E-4	0
7.65952E-4	0
7.663616E-4	0
7.667712E-4	0
7.671808E-4	0
7.675904E-4	0
7.68E-4	7.11237553342817E-4
7.684096E-4	0
7.688192E-4	0
7.692288E-4	0
7.696384E-4	0
7.70048E-4	0
7.704576E-4	0
7.708672E-4	0
7.712768E-4	0
7.716864E-4	0
7.72096E-4	0
7.725056E-4	0
7.729152E-4	7.11237553342817E-4
7.733248E-4	0
7.737344E-4	7.11237553342817E-4
7.74144E-4	7.11237553342817E-4
7.745536E-4	0
7.749632E-4	0
7.753728E-4	0
7.757824E-4	0
7.76192E-4	0
7.766016E-4	0
7.770112E-4	7.11237553342817E-4
7.774208E-4	0
7.778304E-4	7.11237553342817E-4
7.7824E-4	0
7.786496E-4	0
7.790592E-4	0
7.794688E-4	0
7.798784E-4	0
7.80288E-4	0
7.806976E-4	0
7.811072E-4	0
7.815168E-4	0
7.819264E-4	0
7.82336E-4	0
7.827456E-4	0
7.831552E-4	7.11237553342817E-4
7.835648E-4	0
7.839744E-4	0
7.84384E-4	0
7.847936E-4	0
7.852032E-4	7.11237553342817E-4
7.856128E-4	0
7.860224E-4	0
7.86432E-4	0.00142247510668563
7.868416E-4	0
7.872512E-4	0
7.876608E-4	0
7.880704E-4	0
7.8848E-4	0
7.888896E-4	0
7.892992E-4	0
7.897088E-4	7.11237553342817E-4
7.901184E-4	7.11237553342817E-4
7.90528E-4	0
7.909376E-4	0
7.913472E-4	0
7.917568E-4	0
7.921664E-4	0
7.92576E-4	0
7.929856E-4	0
7.933952E-4	0
7.938048E-4	0
7.942144E-4	0
7.94624E-4	0
7.950336E-4	0
7.954432E-4	7.11237553342817E-4
7.958528E-4	0
7.962624E-4	0
7.96672E-4	0
7.970816E-4	0
7.974912E-4	0
7.979008E-4	7.11237553342817E-4
7.983104E-4	7.11237553342817E-4
7.9872E-4	0
7.991296E-4	0
7.995392E-4	0
7.999488E-4	7.11237553342817E-4
8.003584E-4	0
8.00768E-4	0
8.011776E-4	7.11237553342817E-4
8.015872E-4	0
8.019968E-4	0
8.024064E-4	0
8.02816E-4	0
8.032256E-4	0
8.036352E-4	0
8.040448E-4	0
8.044544E-4	0
8.04864E-4	0
8.052736E-4	0
8.056832E-4	7.11237553342817E-4
8.060928E-4	0.00142247510668563
8.065024E-4	0
8.06912E-4	7.11237553342817E-4
8.073216E-4	0
8.077312E-4	0
8.081408E-4	0
8.085504E-4	7.11237553342817E-4
8.0896E-4	0
8.093696E-4	0
8.097792E-4	0
8.101888E-4	0
8.105984E-4	0
8.11008E-4	0
8.114176E-4	0
8.118272E-4	0
8.122368E-4	0
8.126464E-4	0
8.13056E-4	0
8.134656E-4	7.11237553342817E-4
8.138752E-4	0
8.142848E-4	0
8.146944E-4	0
8.15104E-4	0
8.155136E-4	0
8.159232E-4	0
8.163328E-4	0
8.167424E-4	0
8.17152E-4	0
8.175616E-4	0
8.179712E-4	0
8.183808E-4	0
8.187904E-4	0
8.192E-4	0
8.196096E-4	0
8.200192E-4	0
8.204288E-4	0
8.208384E-4	7.11237553342817E-4
8.21248E-4	0
8.216576E-4	0
8.220672E-4	0.00142247510668563
8.224768E-4	0
8.228864E-4	0
8.23296E-4	0
8.237056E-4	7.11237553342817E-4
8.241152E-4	0
8.245248E-4	0
8.249344E-4	0
8.25344E-4	0
8.257536E-4	0
8.261632E-4	0
8.265728E-4	0
8.269824E-4	0
8.27392E-4	0
8.278016E-4	0
8.282112E-4	0
8.286208E-4	0
8.290304E-4	0
8.2944E-4	0
8.298496E-4	0
8.302592E-4	0
8.306688E-4	0
8.310784E-4	0
8.31488E-4	0
8.318976E-4	0
8.323072E-4	0
8.327168E-4	0
8.331264E-4	0
8.33536E-4	0.00142247510668563
8.339456E-4	0
8.343552E-4	0
8.347648E-4	0
8.351744E-4	0
8.35584E-4	0
8.359936E-4	0
8.364032E-4	0
8.368128E-4	0
8.372224E-4	0
8.37632E-4	0
8.380416E-4	0
8.384512E-4	0
8.388608E-4	0
8.392704E-4	0
8.3968E-4	7.11237553342817E-4
8.400896E-4	0
8.404992E-4	0
8.409088E-4	7.11237553342817E-4
8.413184E-4	0
8.41728E-4	0
8.421376E-4	0
8.425472E-4	0
8.429568E-4	7.11237553342817E-4
8.433664E-4	0
8.43776E-4	7.11237553342817E-4
8.441856E-4	7.11237553342817E-4
8.445952E-4	0
8.450048E-4	7.11237553342817E-4
8.454144E-4	0
8.45824E-4	0
8.462336E-4	0
8.466432E-4	0
8.470528E-4	0
8.474624E-4	0
8.47872E-4	0
8.482816E-4	0
8.486912E-4	0
8.491008E-4	7.11237553342817E-4
8.495104E-4	0
8.4992E-4	0
8.503296E-4	0
8.507392E-4	0
8.511488E-4	0
8.515584E-4	0
8.51968E-4	0
8.523776E-4	0
8.527872E-4	7.11237553342817E-4
8.531968E-4	7.11237553342817E-4
8.536064E-4	0
8.54016E-4	0
8.544256E-4	7.11237553342817E-4
8.548352E-4	0
8.552448E-4	0
8.556544E-4	7.11237553342817E-4
8.56064E-4	0
8.564736E-4	0
8.568832E-4	0
8.572928E-4	7.11237553342817E-4
8.577024E-4	0
8.58112E-4	7.11237553342817E-4
8.585216E-4	0
8.589312E-4	0
8.593408E-4	0
8.597504E-4	0
8.6016E-4	0
8.605696E-4	0
8.609792E-4	0
8.613888E-4	7.11237553342817E-4
8.617984E-4	0
8.62208E-4	7.11237553342817E-4
8.626176E-4	0
8.630272E-4	0
8.634368E-4	0
8.638464E-4	7.11237553342817E-4
8.64256E-4	0
8.646656E-4	0
8.650752E-4	0
8.654848E-4	0
8.658944E-4	0
8.66304E-4	0
8.667136E-4	0
8.671232E-4	0
8.675328E-4	0
8.679424E-4	0
8.68352E-4	0
8.687616E-4	0
8.691712E-4	0
8.695808E-4	0
8.699904E-4	0
8.704E-4	0
8.708096E-4	0
8.712192E-4	0
8.716288E-4	7.11237553342817E-4
8.720384E-4	0
8.72448E-4	0
8.728576E-4	0
8.732672E-4	0
8.736768E-4	0
8.740864E-4	0
8.74496E-4	0
8.749056E-4	0
8.753152E-4	0
8.757248E-4	0
8.761344E-4	0
8.76544E-4	0
8.769536E-4	0
8.773632E-4	0
8.777728E-4	0
8.781824E-4	0
8.78592E-4	7.11237553342817E-4
8.790016E-4	0
8.794112E-4	0
8.798208E-4	0
8.802304E-4	0
8.8064E-4	0
8.810496E-4	0
8.814592E-4	0
8.818688E-4	7.11237553342817E-4
8.822784E-4	0
8.82688E-4	0
8.830976E-4	0
8.835072E-4	0
8.839168E-4	0
8.843264E-4	7.11237553342817E-4
8.84736E-4	0
8.851456E-4	0
8.855552E-4	0
8.859648E-4	0
8.863744E-4	7.11237553342817E-4
8.86784E-4	0
8.871936E-4	7.11237553342817E-4
8.876032E-4	0
8.880128E-4	0
8.884224E-4	0
8.88832E-4	0
8.892416E-4	0
8.896512E-4	0
8.900608E-4	0
8.904704E-4	0
8.9088E-4	0
8.912896E-4	0
8.916992E-4	0
8.921088E-4	0
8.925184E-4	0
8.92928E-4	7.11237553342817E-4
8.933376E-4	0
8.937472E-4	0
8.941568E-4	7.11237553342817E-4
8.945664E-4	0
8.94976E-4	0
8.953856E-4	0
8.957952E-4	0
8.962048E-4	7.11237553342817E-4
8.966144E-4	0
8.97024E-4	0
8.974336E-4	0
8.978432E-4	0
8.982528E-4	0
8.986624E-4	0
8.99072E-4	0
8.994816E-4	0
8.998912E-4	0
9.003008E-4	0
9.007104E-4	0
9.0112E-4	0
9.015296E-4	0
9.019392E-4	0
9.023488E-4	0
9.027584E-4	0
9.03168E-4	0
9.035776E-4	0
9.039872E-4	7.11237553342817E-4
9.043968E-4	0
9.048064E-4	0
9.05216E-4	0
9.056256E-4	0
9.060352E-4	7.11237553342817E-4
9.064448E-4	0
9.068544E-4	0
9.07264E-4	0
9.076736E-4	0
9.080832E-4	0
9.084928E-4	0
9.089024E-4	0
9.09312E-4	0
9.097216E-4	0
9.101312E-4	0
9.105408E-4	0
9.109504E-4	0
9.1136E-4	0
9.117696E-4	0
9.121792E-4	0
9.125888E-4	0
9.129984E-4	0
9.13408E-4	0
9.138176E-4	0
9.142272E-4	0
9.146368E-4	0
9.150464E-4	0
9.15456E-4	0
9.158656E-4	0
9.162752E-4	0
9.166848E-4	0
9.170944E-4	0
9.17504E-4	0
9.179136E-4	7.11237553342817E-4
9.183232E-4	0
9.187328E-4	0
9.191424E-4	0
9.19552E-4	0
9.199616E-4	0
9.203712E-4	0
9.207808E-4	0
9.211904E-4	0
9.216E-4	7.11237553342817E-4
9.220096E-4	0
9.224192E-4	7.11237553342817E-4
9.228288E-4	0
9.232384E-4	0
9.23648E-4	0
9.240576E-4	0
9.244672E-4	7.11237553342817E-4
9.248768E-4	0
9.252864E-4	7.11237553342817E-4
9.25696E-4	0
9.261056E-4	0
9.265152E-4	0
9.269248E-4	0
9.273344E-4	0
9.27744E-4	0
9.281536E-4	0
9.285632E-4	0
9.289728E-4	0
9.293824E-4	0
9.29792E-4	0
9.302016E-4	7.11237553342817E-4
9.306112E-4	0
9.310208E-4	0
9.314304E-4	7.11237553342817E-4
9.3184E-4	0
9.322496E-4	0
9.326592E-4	0
9.330688E-4	7.11237553342817E-4
9.334784E-4	0
9.33888E-4	0
9.342976E-4	0
9.347072E-4	0
9.351168E-4	0
9.355264E-4	0
9.35936E-4	0
9.363456E-4	0
9.367552E-4	0
9.371648E-4	7.11237553342817E-4
9.375744E-4	0
9.37984E-4	0
9.383936E-4	0
9.388032E-4	0
9.392128E-4	0.00142247510668563
9.396224E-4	0
9.40032E-4	0
9.404416E-4	0
9.408512E-4	0
9.412608E-4	0
9.416704E-4	0
9.4208E-4	0
9.424896E-4	0
9.428992E-4	0
9.433088E-4	0
9.437184E-4	0
9.44128E-4	0
9.445376E-4	0
9.449472E-4	0
9.453568E-4	0
9.457664E-4	7.11237553342817E-4
9.46176E-4	0
9.465856E-4	0
9.469952E-4	0
9.474048E-4	0
9.478144E-4	0
9.48224E-4	0
9.486336E-4	7.11237553342817E-4
9.490432E-4	0
9.494528E-4	0
9.498624E-4	0
9.50272E-4	0
9.506816E-4	0
9.510912E-4	0
9.515008E-4	0
9.519104E-4	0
9.5232E-4	0
9.527296E-4	0
9.531392E-4	0
9.535488E-4	0
9.539584E-4	0
9.54368E-4	0
9.547776E-4	0
9.551872E-4	0
9.555968E-4	0
9.560064E-4	0
9.56416E-4	0
9.568256E-4	0
9.572352E-4	0
9.576448E-4	0
9.580544E-4	0
9.58464E-4	0
9.588736E-4	0
9.592832E-4	0
9.596928E-4	0
9.601024E-4	0
9.60512E-4	0
9.609216E-4	0
9.613312E-4	0
9.617408E-4	0
9.621504E-4	7.11237553342817E-4
9.6256E-4	0
9.629696E-4	0
9.633792E-4	0
9.637888E-4	0
9.641984E-4	0
9.64608E-4	0
9.650176E-4	7.11237553342817E-4
9.654272E-4	0
9.658368E-4	0
9.662464E-4	7.11237553342817E-4
9.66656E-4	0
9.670656E-4	0
9.674752E-4	0
9.678848E-4	0
9.682944E-4	0
9.68704E-4	0
9.691136E-4	0
9.695232E-4	7.11237553342817E-4
9.699328E-4	0
9.703424E-4	0
9.70752E-4	0
9.711616E-4	0
9.715712E-4	7.11237553342817E-4
9.719808E-4	0
9.723904E-4	0
9.728E-4	0
9.732096E-4	0
9.736192E-4	0
9.740288E-4	0
9.744384E-4	0
9.74848E-4	0
9.752576E-4	0
9.756672E-4	0
9.760768E-4	0
9.764864E-4	0
9.76896E-4	0
9.773056E-4	0
9.777152E-4	0
9.781248E-4	0
9.785344E-4	0
9.78944E-4	0
9.793536E-4	0
9.797632E-4	0
9.801728E-4	0
9.805824E-4	0
9.80992E-4	0
9.814016E-4	0
9.818112E-4	0
9.822208E-4	0
9.826304E-4	0
9.8304E-4	0
9.834496E-4	0
9.838592E-4	0
9.842688E-4	0
9.846784E-4	0
9.85088E-4	0
9.854976E-4	0
9.859072E-4	0
9.863168E-4	0
9.867264E-4	0
9.87136E-4	0
9.875456E-4	0
9.879552E-4	0
9.883648E-4	0
9.887744E-4	0
9.89184E-4	0
9.895936E-4	0
9.900032E-4	0
9.904128E-4	0
9.908224E-4	0
9.91232E-4	0
9.916416E-4	0
9.920512E-4	0
9.924608E-4	0
9.928704E-4	0
9.9328E-4	7.11237553342817E-4
9.936896E-4	0
9.940992E-4	0
9.945088E-4	0
9.949184E-4	0
9.95328E-4	0
9.957376E-4	0
9.961472E-4	0
9.965568E-4	0
9.969664E-4	0
9.97376E-4	0
9.977856E-4	0
9.981952E-4	0
9.986048E-4	7.11237553342817E-4
9.990144E-4	0
9.99424E-4	0
9.998336E-4	0
0.0010002432	0
0.0010006528	0
0.0010010624	7.11237553342817E-4
0.001001472	0
0.0010018816	0
0.0010022912	0
0.0010027008	0
0.0010031104	0
0.00100352	0
0.0010039296	0
0.0010043392	0
0.0010047488	0
0.0010051584	0
0.001005568	0
0.0010059776	0
0.0010063872	0
0.0010067968	0
0.0010072064	0
0.001007616	0
0.0010080256	0
0.0010084352	0
0.0010088448	0
0.0010092544	0
0.001009664	0
0.0010100736	7.11237553342817E-4
0.0010104832	7.11237553342817E-4
0.0010108928	0
0.0010113024	0
0.001011712	0
0.0010121216	0
0.0010125312	0
0.0010129408	0
0.0010133504	0
0.00101376	7.11237553342817E-4
0.0010141696	0
0.0010145792	0
0.0010149888	0
0.0010153984	0
0.001015808	7.11237553342817E-4
0.0010162176	0
0.0010166272	0
0.0010170368	0
0.0010174464	0
0.001017856	0
0.0010182656	0
0.0010186752	0
0.0010190848	0
0.0010194944	0
0.001019904	0
0.0010203136	0
0.0010207232	7.11237553342817E-4
0.0010211328	0
0.0010215424	0
0.001021952	0
0.0010223616	0
0.0010227712	0
0.0010231808	0
0.0010235904	0
0.001024	0
0.0010244096	0
0.0010248192	0
0.0010252288	0
0.0010256384	0
0.001026048	0
0.0010264576	0
0.0010268672	0
0.0010272768	0
0.0010276864	0
0.001028096	0
0.0010285056	0
0.0010289152	0
0.0010293248	0
0.0010297344	0
0.001030144	0
0.0010305536	0
0.0010309632	0
0.0010313728	0
0.0010317824	0
0.001032192	0
0.0010326016	0
0.0010330112	0
0.0010334208	0
0.0010338304	0
0.00103424	0
0.0010346496	7.11237553342817E-4
0.0010350592	0
0.0010354688	0
0.0010358784	0
0.001036288	0
0.0010366976	0
0.0010371072	0
0.0010375168	0
0.0010379264	0
0.001038336	0
0.0010387456	0
0.0010391552	0
0.0010395648	0
0.0010399744	0
0.001040384	0
0.0010407936	0
0.0010412032	0
0.0010416128	0
0.0010420224	0
0.001042432	0
0.0010428416	0
0.0010432512	0
0.0010436608	7.11237553342817E-4
0.0010440704	0
0.00104448	0
0.0010448896	0
0.0010452992	7.11237553342817E-4
0.0010457088	0
0.0010461184	0
0.001046528	0
0.0010469376	0
0.0010473472	0
0.0010477568	0
0.0010481664	0
0.001048576	0
0.0010489856	0
0.0010493952	0
0.0010498048	0
0.0010502144	0
0.001050624	0
0.0010510336	0
0.0010514432	0
0.0010518528	0
0.0010522624	0
0.001052672	0
0.0010530816	7.11237553342817E-4
0.0010534912	0
0.0010539008	0
0.0010543104	0
0.00105472	0
0.0010551296	7.11237553342817E-4
0.0010555392	0
0.0010559488	0
0.0010563584	0
0.001056768	0
0.0010571776	0
0.0010575872	0
0.0010579968	0
0.0010584064	0
0.001058816	0
0.0010592256	0
0.0010596352	0
0.0010600448	0
0.0010604544	0
0.001060864	0
0.0010612736	7.11237553342817E-4
0.0010616832	0
0.0010620928	0
0.0010625024	0
0.001062912	0
0.0010633216	0
0.0010637312	0
0.0010641408	0
0.0010645504	0
0.00106496	0
0.0010653696	0
0.0010657792	0
0.0010661888	0
0.0010665984	0
0.001067008	0
0.0010674176	0
0.0010678272	0
0.0010682368	0
0.0010686464	0
0.001069056	0
0.0010694656	0
0.0010698752	0
0.0010702848	0
0.0010706944	0
0.001071104	0
0.0010715136	0
0.0010719232	0
0.0010723328	0
0.0010727424	0
0.001073152	0
0.0010735616	7.11237553342817E-4
0.0010739712	0
0.0010743808	0
0.0010747904	0
0.0010752	0
0.0010756096	0
0.0010760192	0
0.0010764288	0
0.0010768384	0
0.001077248	0
0.0010776576	0
0.0010780672	0
0.0010784768	0
0.0010788864	0
0.001079296	0
0.0010797056	0
0.0010801152	0
0.0010805248	0
0.0010809344	0
0.001081344	0
0.0010817536	0
0.0010821632	0
0.0010825728	0
0.0010829824	0
0.001083392	0
0.0010838016	0
0.0010842112	0
0.0010846208	0
0.0010850304	0
0.00108544	0
0.0010858496	7.11237553342817E-4
0.0010862592	0
0.0010866688	0
0.0010870784	0
0.001087488	0
0.0010878976	0
0.0010883072	0
0.0010887168	0
0.0010891264	7.11237553342817E-4
0.001089536	0
0.0010899456	0
0.0010903552	0
0.0010907648	0
0.0010911744	0
0.001091584	0
0.0010919936	7.11237553342817E-4
0.0010924032	0
0.0010928128	0
0.0010932224	0
0.001093632	0
0.0010940416	0
0.0010944512	0
0.0010948608	0
0.0010952704	0
0.00109568	0
0.0010960896	0
0.0010964992	0
0.0010969088	0
0.0010973184	0
0.001097728	0
0.0010981376	0
0.0010985472	0
0.0010989568	0
0.0010993664	0
0.001099776	0
0.0011001856	0
0.0011005952	0
0.0011010048	0
0.0011014144	0
0.001101824	0
0.0011022336	0
0.0011026432	0
0.0011030528	0
0.0011034624	0
0.001103872	0
0.0011042816	0
0.0011046912	0
0.0011051008	7.11237553342817E-4
0.0011055104	7.11237553342817E-4
0.00110592	0
0.0011063296	0
0.0011067392	0
0.0011071488	0
0.0011075584	7.11237553342817E-4
0.001107968	0
0.0011083776	0
0.0011087872	0
0.0011091968	7.11237553342817E-4
0.0011096064	0
0.001110016	7.11237553342817E-4
0.0011104256	0
0.0011108352	0
0.0011112448	0
0.0011116544	0
0.001112064	0
0.0011124736	7.11237553342817E-4
0.0011128832	0
0.0011132928	0
0.0011137024	0
0.001114112	0
0.0011145216	0
0.0011149312	0
0.0011153408	7.11237553342817E-4
0.0011157504	0
0.00111616	0
0.0011165696	0
0.0011169792	0
0.0011173888	0
0.0011177984	0
0.001118208	0
0.0011186176	0
0.0011190272	0
0.0011194368	0
0.0011198464	0
0.001120256	0
0.0011206656	0
0.0011210752	0
0.0011214848	0
0.0011218944	0
0.001122304	0
0.0011227136	0
0.0011231232	0
0.0011235328	7.11237553342817E-4
0.0011239424	0
0.001124352	0
0.0011247616	0
0.0011251712	0
0.0011255808	0
0.0011259904	0
0.0011264	7.11237553342817E-4
0.0011268096	0
0.0011272192	0
0.0011276288	0
0.0011280384	0
0.001128448	0
0.0011288576	0
0.0011292672	7.11237553342817E-4
0.0011296768	0
0.0011300864	0
0.001130496	0
0.0011309056	0
0.0011313152	0
0.0011317248	0
0.0011321344	0
0.001132544	0
0.0011329536	0
0.0011333632	0
0.0011337728	0
0.0011341824	0
0.001134592	0
0.0011350016	0
0.0011354112	0
0.0011358208	0
0.0011362304	0
0.00113664	0
0.0011370496	0
0.0011374592	0
0.0011378688	0
0.0011382784	0
0.001138688	0
0.0011390976	0
0.0011395072	0
0.0011399168	7.11237553342817E-4
0.0011403264	0
0.001140736	0
0.0011411456	0
0.0011415552	0
0.0011419648	0
0.0011423744	0
0.001142784	0
0.0011431936	0
0.0011436032	0
0.0011440128	0
0.0011444224	0
0.001144832	0
0.0011452416	0
0.0011456512	0
0.0011460608	0
0.0011464704	0
0.00114688	0
0.0011472896	0
0.0011476992	0
0.0011481088	0
0.0011485184	0
0.001148928	0
0.0011493376	0
0.0011497472	0
0.0011501568	0
0.0011505664	0
0.001150976	0
0.0011513856	7.11237553342817E-4
0.0011517952	0
0.0011522048	0
0.0011526144	0
0.001153024	0
0.0011534336	0
0.0011538432	0
0.0011542528	7.11237553342817E-4
0.0011546624	0
0.001155072	0
0.0011554816	0
0.0011558912	0
0.0011563008	0
0.0011567104	0
0.00115712	0
0.0011575296	0
0.0011579392	0
0.0011583488	0
0.0011587584	0
0.001159168	7.11237553342817E-4
0.0011595776	0
0.0011599872	0
0.0011603968	0
0.0011608064	0
0.001161216	0
0.0011616256	0
0.0011620352	0
0.0011624448	0
0.0011628544	0
0.001163264	0
0.0011636736	0
0.0011640832	0
0.0011644928	0
0.0011649024	0
0.001165312	0
0.0011657216	0
0.0011661312	0
0.0011665408	0
0.0011669504	0
0.00116736	0
0.0011677696	0
0.0011681792	0
0.0011685888	0
0.0011689984	0
0.001169408	0
0.0011698176	0
0.0011702272	0
0.0011706368	0
0.0011710464	0
0.001171456	0
0.0011718656	0
0.0011722752	0
0.0011726848	0
0.0011730944	0
0.001173504	0
0.0011739136	0
0.0011743232	0
0.0011747328	0
0.0011751424	0
0.001175552	0
0.0011759616	0
0.0011763712	0
0.0011767808	0
0.0011771904	0
0.0011776	0
0.0011780096	0
0.0011784192	0
0.0011788288	0
0.0011792384	0
0.001179648	0
0.0011800576	0
0.0011804672	0
0.0011808768	0
0.0011812864	0
0.001181696	0
0.0011821056	0
0.0011825152	0
0.0011829248	0
0.0011833344	0
0.001183744	0
0.0011841536	0
0.0011845632	7.11237553342817E-4
0.0011849728	0
0.0011853824	0
0.001185792	0
0.0011862016	0
0.0011866112	0
0.0011870208	0
0.0011874304	0
0.00118784	0
0.0011882496	0
0.0011886592	0
0.0011890688	0
0.0011894784	7.11237553342817E-4
0.001189888	0
0.0011902976	0
0.0011907072	0
0.0011911168	0
0.0011915264	0
0.001191936	0
0.0011923456	0
0.0011927552	0
0.0011931648	0
0.0011935744	0
0.001193984	0
0.0011943936	0
0.0011948032	0
0.0011952128	0
0.0011956224	0
0.001196032	0
0.0011964416	0
0.0011968512	0
0.0011972608	0
0.0011976704	0
0.00119808	0
0.0011984896	0
0.0011988992	0
0.0011993088	0
0.0011997184	0
0.001200128	0
0.0012005376	0
0.0012009472	0
0.0012013568	0
0.0012017664	0
0.001202176	0
0.0012025856	7.11237553342817E-4
0.0012029952	0
0.0012034048	0
0.0012038144	0
0.001204224	0
0.0012046336	0
0.0012050432	0
0.0012054528	0
0.0012058624	0
0.001206272	0
0.0012066816	0
0.0012070912	0
0.0012075008	0
0.0012079104	0
0.00120832	7.11237553342817E-4
0.0012087296	0
0.0012091392	0
0.0012095488	0
0.0012099584	0
0.001210368	0
0.0012107776	0
0.0012111872	0
0.0012115968	0
0.0012120064	0
0.001212416	0
0.0012128256	0
0.0012132352	0
0.0012136448	0
0.0012140544	0
0.001214464	0
0.0012148736	0
0.0012152832	0
0.0012156928	0
0.0012161024	0
0.001216512	0
0.0012169216	0
0.0012173312	0
0.0012177408	0
0.0012181504	0
0.00121856	0
0.0012189696	0
0.0012193792	0
0.0012197888	0
0.0012201984	0
0.001220608	0
0.0012210176	7.11237553342817E-4
0.0012214272	0
0.0012218368	0
0.0012222464	7.11237553342817E-4
0.001222656	0
0.0012230656	0
0.0012234752	0
0.0012238848	0
0.0012242944	0
0.001224704	0
0.0012251136	0
0.0012255232	0
0.0012259328	0
0.0012263424	0
0.001226752	7.11237553342817E-4
0.0012271616	0
0.0012275712	0
0.0012279808	0
0.0012283904	0
0.0012288	0
0.0012292096	0
0.0012296192	0
0.0012300288	0
0.0012304384	0
0.001230848	0
0.0012312576	0
0.0012316672	0
0.0012320768	0
0.0012324864	0
0.001232896	7.11237553342817E-4
0.0012333056	0
0.0012337152	0
0.0012341248	0
0.0012345344	0
0.001234944	0
0.0012353536	0
0.0012357632	0
0.0012361728	0
0.0012365824	0
0.001236992	0
0.0012374016	0
0.0012378112	0
0.0012382208	0
0.0012386304	0
0.00123904	0
0.0012394496	0
0.0012398592	0
0.0012402688	0
0.0012406784	0
0.001241088	0
0.0012414976	0
0.0012419072	0
0.0012423168	7.11237553342817E-4
0.0012427264	0
0.001243136	0
0.0012435456	0
0.0012439552	0
0.0012443648	0
0.0012447744	0
0.001245184	0
0.0012455936	0
0.0012460032	7.11237553342817E-4
0.0012464128	0
0.0012468224	0
0.001247232	0
0.0012476416	0
0.0012480512	0
0.0012484608	0
0.0012488704	0
0.00124928	0
0.0012496896	0
0.0012500992	0
0.0012505088	0
0.0012509184	0
0.001251328	0
0.0012517376	0
0.0012521472	0
0.0012525568	0
0.0012529664	0
0.001253376	0
0.0012537856	0
0.0012541952	0
0.0012546048	0
0.0012550144	0
0.001255424	7.11237553342817E-4
0.0012558336	0
0.0012562432	0
0.0012566528	0
0.0012570624	0
0.001257472	0
0.0012578816	0
0.0012582912	0
0.0012587008	0
0.0012591104	0
0.00125952	0
0.0012599296	0
0.0012603392	0
0.0012607488	0
0.0012611584	0
0.001261568	0
0.0012619776	0
0.0012623872	0
0.0012627968	0
0.0012632064	0
0.001263616	0
0.0012640256	0
0.0012644352	0
0.0012648448	0
0.0012652544	0
0.001265664	0
0.0012660736	0
0.0012664832	7.11237553342817E-4
0.0012668928	0
0.0012673024	0
0.001267712	0
0.0012681216	0
0.0012685312	0
0.0012689408	0
0.0012693504	0
0.00126976	0
0.0012701696	0
0.0012705792	0
0.0012709888	0
0.0012713984	0
0.001271808	0
0.0012722176	0
0.0012726272	0
0.0012730368	0
0.0012734464	0
0.001273856	0
0.0012742656	0
0.0012746752	0
0.0012750848	0
0.0012754944	0
0.001275904	0
0.0012763136	0
0.0012767232	0
0.0012771328	0
0.0012775424	0
0.001277952	0
0.0012783616	0
0.0012787712	0
0.0012791808	0
0.0012795904	0
0.00128	0
0.0012804096	0
0.0012808192	0
0.0012812288	0
0.0012816384	0
0.001282048	7.11237553342817E-4
0.0012824576	7.11237553342817E-4
0.0012828672	0
0.0012832768	0
0.0012836864	0
0.001284096	0
0.0012845056	0
0.0012849152	0
0.0012853248	0
0.0012857344	0
0.001286144	0
0.0012865536	0
0.0012869632	0
0.0012873728	0
0.0012877824	0
0.001288192	0
0.0012886016	0
0.0012890112	0
0.0012894208	0
0.0012898304	0
0.00129024	0
0.0012906496	0
0.0012910592	0
0.0012914688	0
0.0012918784	0
0.001292288	0
0.0012926976	0
0.0012931072	0
0.0012935168	0
0.0012939264	0
0.001294336	7.11237553342817E-4
0.0012947456	0
0.0012951552	0
0.0012955648	0
0.0012959744	0
0.001296384	0
0.0012967936	0
0.0012972032	0
0.0012976128	0
0.0012980224	0
0.001298432	0
0.0012988416	7.11237553342817E-4
0.0012992512	0
0.0012996608	0
0.0013000704	7.11237553342817E-4
0.00130048	0
0.0013008896	0
0.0013012992	0
0.0013017088	0
0.0013021184	0
0.001302528	7.11237553342817E-4
0.0013029376	0
0.0013033472	0
0.0013037568	7.11237553342817E-4
0.0013041664	0
0.001304576	0
0.0013049856	0
0.0013053952	0
0.0013058048	0
0.0013062144	0
0.001306624	0
0.0013070336	0
0.0013074432	0
0.0013078528	0
0.0013082624	7.11237553342817E-4
0.001308672	0
0.0013090816	0
0.0013094912	0
0.0013099008	0
0.0013103104	0
0.00131072	0
0.0013111296	0
0.0013115392	0
0.0013119488	0
0.0013123584	0
0.001312768	0
0.0013131776	0
0.0013135872	0
0.0013139968	0
0.0013144064	7.11237553342817E-4
0.001314816	0
0.0013152256	0
0.0013156352	7.11237553342817E-4
0.0013160448	0
0.0013164544	0
0.001316864	0
0.0013172736	0
0.0013176832	0
0.0013180928	0
0.0013185024	0
0.001318912	0
0.0013193216	7.11237553342817E-4
0.0013197312	0
0.0013201408	0
0.0013205504	0
0.00132096	0
0.0013213696	0
0.0013217792	0
0.0013221888	0
0.0013225984	0
0.001323008	0
0.0013234176	0
0.0013238272	0
0.0013242368	0
0.0013246464	0
0.001325056	0
0.0013254656	0
0.0013258752	0
0.0013262848	0
0.0013266944	0
0.001327104	0
0.0013275136	0
0.0013279232	7.11237553342817E-4
0.0013283328	0
0.0013287424	0
0.001329152	0
0.0013295616	0
0.0013299712	0
0.0013303808	0
0.0013307904	0
0.0013312	0
0.0013316096	0
0.0013320192	0
0.0013324288	0
0.0013328384	0
0.001333248	0
0.0013336576	0
0.0013340672	0
0.0013344768	0
0.0013348864	0
0.001335296	0
0.0013357056	0
0.0013361152	0
0.0013365248	0
0.0013369344	0
0.001337344	0
0.0013377536	0
0.0013381632	0
0.0013385728	0
0.0013389824	0
0.001339392	0
0.0013398016	0
0.0013402112	0
0.0013406208	0
0.0013410304	0
0.00134144	0
0.0013418496	7.11237553342817E-4
0.0013422592	0
0.0013426688	0
0.0013430784	0
0.001343488	0
0.0013438976	0
0.0013443072	0
0.0013447168	0
0.0013451264	0
0.001345536	0
0.0013459456	0
0.0013463552	0
0.0013467648	0
0.0013471744	0
0.001347584	0
0.0013479936	0
0.0013484032	0
0.0013488128	0
0.0013492224	7.11237553342817E-4
0.001349632	0
0.0013500416	0
0.0013504512	0
0.0013508608	0
0.0013512704	0
0.00135168	0
0.0013520896	0
0.0013524992	0
0.0013529088	0
0.0013533184	0
0.001353728	0
0.0013541376	0
0.0013545472	0
0.0013549568	0
0.0013553664	0
0.001355776	0
0.0013561856	0
0.0013565952	0
0.0013570048	0
0.0013574144	0
0.001357824	0
0.0013582336	0
0.0013586432	0
0.0013590528	0
0.0013594624	0
0.001359872	0
0.0013602816	0
0.0013606912	0
0.0013611008	0
0.0013615104	0
0.00136192	0
0.0013623296	0
0.0013627392	0
0.0013631488	0
0.0013635584	0
0.001363968	0
0.0013643776	0
