0	3003
5E-6	2961
1E-5	2925
1.5E-5	2869
2E-5	2910
2.5E-5	2881
3E-5	2859
3.5E-5	2855
4E-5	2871
4.5E-5	2811
5E-5	2859
5.5E-5	2891
6E-5	2832
6.5E-5	2781
7E-5	2784
7.5E-5	2778
8E-5	2729
8.5E-5	2803
9E-5	2772
9.5E-5	2859
1E-4	2832
1.05E-4	2831
1.1E-4	2763
1.15E-4	2691
1.2E-4	2790
1.25E-4	2665
1.3E-4	2641
1.35E-4	2624
1.4E-4	2681
1.45E-4	2684
1.5E-4	2682
1.55E-4	2591
1.6E-4	2671
1.65E-4	2692
1.7E-4	2661
1.75E-4	2600
1.8E-4	2636
1.85E-4	2682
1.9E-4	2628
1.95E-4	2621
2E-4	2629
2.05E-4	2504
2.1E-4	2614
2.15E-4	2607
2.2E-4	2625
2.25E-4	2612
2.3E-4	2504
2.35E-4	2536
2.4E-4	2553
2.45E-4	2606
2.5E-4	2421
2.55E-4	2562
2.6E-4	2447
2.65E-4	2472
2.7E-4	2549
2.75E-4	2549
2.8E-4	2529
2.85E-4	2488
2.9E-4	2453
2.95E-4	2475
3E-4	2370
3.05E-4	2441
3.1E-4	2487
3.15E-4	2504
3.2E-4	2492
3.25E-4	2437
3.3E-4	2516
3.35E-4	2368
3.4E-4	2377
3.45E-4	2448
3.5E-4	2380
3.55E-4	2378
3.6E-4	2277
3.65E-4	2282
3.7E-4	2343
3.75E-4	2350
3.8E-4	2350
3.85E-4	2246
3.9E-4	2221
3.95E-4	2398
4E-4	2348
4.05E-4	2327
4.1E-4	2315
4.15E-4	2261
4.2E-4	2273
4.25E-4	2254
4.3E-4	2374
4.35E-4	2250
4.4E-4	2290
4.45E-4	2191
4.5E-4	2235
4.55E-4	2280
4.6E-4	2194
4.65E-4	2259
4.7E-4	2227
4.75E-4	2214
4.8E-4	2281
4.85E-4	2167
4.9E-4	2207
4.95E-4	2139
5E-4	2205
5.05E-4	2238
5.1E-4	2144
5.15E-4	2187
5.2E-4	2207
5.25E-4	2202
5.3E-4	2141
5.35E-4	2191
5.4E-4	2210
5.45E-4	2162
5.5E-4	2208
5.55E-4	2161
5.6E-4	2188
5.65E-4	2120
5.7E-4	2059
5.75E-4	2111
5.8E-4	2149
5.85E-4	2175
5.9E-4	2002
5.95E-4	2097
6E-4	2124
6.05E-4	2139
6.1E-4	2083
6.15E-4	2110
6.2E-4	2115
6.25E-4	2032
6.3E-4	2134
6.35E-4	2088
6.4E-4	2054
6.45E-4	2065
6.5E-4	2091
6.55E-4	2095
6.6E-4	2034
6.65E-4	2040
6.7E-4	2076
6.75E-4	2156
6.8E-4	2031
6.85E-4	2056
6.9E-4	1987
6.95E-4	1951
7E-4	2036
7.05E-4	2011
7.1E-4	1982
7.15E-4	2015
7.2E-4	2023
7.25E-4	1991
7.3E-4	1916
7.35E-4	1967
7.4E-4	1970
7.45E-4	1931
7.5E-4	1925
7.55E-4	1933
7.6E-4	1954
7.65E-4	1908
7.7E-4	1896
7.75E-4	1905
7.8E-4	1887
7.85E-4	1942
7.9E-4	1862
7.95E-4	1856
8E-4	1859
8.05E-4	1878
8.1E-4	1932
8.15E-4	1891
8.2E-4	1960
8.25E-4	1855
8.3E-4	1849
8.35E-4	1909
8.4E-4	1889
8.45E-4	1800
8.5E-4	1831
8.55E-4	1869
8.6E-4	1836
8.65E-4	1961
8.7E-4	1825
8.75E-4	1856
8.8E-4	1809
8.85E-4	1809
8.9E-4	1859
8.95E-4	1757
9E-4	1856
9.05E-4	1738
9.1E-4	1780
9.15E-4	1773
9.2E-4	1854
9.25E-4	1744
9.3E-4	1789
9.35E-4	1775
9.4E-4	1811
9.45E-4	1773
9.5E-4	1760
9.55E-4	1779
9.6E-4	1749
9.65E-4	1739
9.7E-4	1698
9.75E-4	1717
9.8E-4	1820
9.85E-4	1758
9.9E-4	1606
9.95E-4	1727
1E-3	1699
0.001005	1695
0.00101	1728
0.001015	1744
0.00102	1708
0.001025	1669
0.00103	1734
0.001035	1675
0.00104	1711
0.001045	1695
0.00105	1610
0.001055	1664
0.00106	1678
0.001065	1694
0.00107	1722
0.001075	1640
0.00108	1639
0.001085	1634
0.00109	1666
0.001095	1713
0.0011	1691
0.001105	1656
0.00111	1649
0.001115	1584
0.00112	1591
0.001125	1599
0.00113	1534
0.001135	1562
0.00114	1588
0.001145	1627
0.00115	1636
0.001155	1581
0.00116	1591
0.001165	1558
0.00117	1539
0.001175	1606
0.00118	1502
0.001185	1585
0.00119	1556
0.001195	1508
0.0012	1574
0.001205	1557
0.00121	1513
0.001215	1511
0.00122	1639
0.001225	1556
0.00123	1553
0.001235	1527
0.00124	1514
0.001245	1593
0.00125	1607
0.001255	1472
0.00126	1533
0.001265	1568
0.00127	1494
0.001275	1546
0.00128	1428
0.001285	1474
0.00129	1448
0.001295	1551
0.0013	1499
0.001305	1440
0.00131	1500
0.001315	1524
0.00132	1492
0.001325	1478
0.00133	1478
0.001335	1464
0.00134	1428
0.001345	1418
0.00135	1435
0.001355	1436
0.00136	1427
0.001365	1435
0.00137	1474
0.001375	1397
0.00138	1443
0.001385	1484
0.00139	1423
0.001395	1396
0.0014	1402
0.001405	1435
0.00141	1302
0.001415	1456
0.00142	1333
0.001425	1339
0.00143	1406
0.001435	1391
0.00144	1428
0.001445	1338
0.00145	1452
0.001455	1385
0.00146	1450
0.001465	1365
0.00147	1389
0.001475	1383
0.00148	1338
0.001485	1263
0.00149	1409
0.001495	1351
0.0015	1347
0.001505	1324
0.00151	1345
0.001515	1412
0.00152	1306
0.001525	1326
0.00153	1361
0.001535	1282
0.00154	1260
0.001545	1348
0.00155	1287
0.001555	1417
0.00156	1288
0.001565	1284
0.00157	1332
0.001575	1257
0.00158	1276
0.001585	1294
0.00159	1334
0.001595	1329
0.0016	1260
0.001605	1352
0.00161	1286
0.001615	1283
0.00162	1272
0.001625	1240
0.00163	1272
0.001635	1348
0.00164	1297
0.001645	1207
0.00165	1237
0.001655	1265
0.00166	1277
0.001665	1274
0.00167	1264
0.001675	1242
0.00168	1264
0.001685	1228
0.00169	1233
0.001695	1213
0.0017	1254
0.001705	1245
0.00171	1221
0.001715	1224
0.00172	1172
0.001725	1175
0.00173	1190
0.001735	1244
0.00174	1190
0.001745	1201
0.00175	1130
0.001755	1170
0.00176	1182
0.001765	1180
0.00177	1117
0.001775	1165
0.00178	1163
0.001785	1163
0.00179	1161
0.001795	1181
0.0018	1211
0.001805	1172
0.00181	1167
0.001815	1176
0.00182	1158
0.001825	1212
0.00183	1153
0.001835	1076
0.00184	1168
0.001845	1150
0.00185	1231
0.001855	1139
0.00186	1067
0.001865	1173
0.00187	1172
0.001875	1138
0.00188	1148
0.001885	1137
0.00189	1154
0.001895	1095
0.0019	1133
0.001905	1159
0.00191	1104
0.001915	1163
0.00192	1075
0.001925	1151
0.00193	1170
0.001935	1100
0.00194	1122
0.001945	1155
0.00195	1071
0.001955	1106
0.00196	1093
0.001965	1070
0.00197	1120
0.001975	1089
0.00198	1008
0.001985	1116
0.00199	1103
0.001995	1090
0.002	1071
0.002005	1055
0.00201	1028
0.002015	1082
0.00202	1054
0.002025	1036
0.00203	1049
0.002035	1042
0.00204	1079
0.002045	1047
0.00205	1083
0.002055	1041
0.00206	1031
0.002065	1074
0.00207	1053
0.002075	1027
0.00208	1028
0.002085	1081
0.00209	1029
0.002095	1008
0.0021	995
0.002105	1007
0.00211	1039
0.002115	1013
0.00212	1005
0.002125	1001
0.00213	1041
0.002135	979
0.00214	966
0.002145	977
0.00215	1036
0.002155	988
0.00216	963
0.002165	1016
0.00217	1012
0.002175	985
0.00218	994
0.002185	1011
0.00219	979
0.002195	998
0.0022	1003
0.002205	1021
0.00221	985
0.002215	994
0.00222	998
0.002225	972
0.00223	936
0.002235	932
0.00224	957
0.002245	946
0.00225	901
0.002255	932
0.00226	933
0.002265	978
0.00227	954
0.002275	1008
0.00228	964
0.002285	918
0.00229	953
0.002295	945
0.0023	910
0.002305	998
0.00231	984
0.002315	935
0.00232	973
0.002325	891
0.00233	948
0.002335	940
0.00234	946
0.002345	907
0.00235	984
0.002355	903
0.00236	844
0.002365	859
0.00237	883
0.002375	940
0.00238	902
0.002385	907
0.00239	950
0.002395	930
0.0024	948
0.002405	915
0.00241	927
0.002415	904
0.00242	890
0.002425	884
0.00243	895
0.002435	913
0.00244	858
0.002445	925
0.00245	827
0.002455	852
0.00246	866
0.002465	872
0.00247	877
0.002475	878
0.00248	875
0.002485	884
0.00249	845
0.002495	835
0.0025	911
0.002505	850
0.00251	827
0.002515	844
0.00252	880
0.002525	816
0.00253	840
0.002535	789
0.00254	820
0.002545	821
0.00255	835
0.002555	902
0.00256	840
0.002565	844
0.00257	862
0.002575	875
0.00258	784
0.002585	808
0.00259	860
0.002595	794
0.0026	842
0.002605	814
0.00261	838
0.002615	830
0.00262	813
0.002625	805
0.00263	809
0.002635	807
0.00264	837
0.002645	814
0.00265	802
0.002655	798
0.00266	846
0.002665	825
0.00267	786
0.002675	843
0.00268	891
0.002685	803
0.00269	815
0.002695	831
0.0027	782
0.002705	794
0.00271	818
0.002715	782
0.00272	797
0.002725	757
0.00273	750
0.002735	825
0.00274	741
0.002745	754
0.00275	810
0.002755	759
0.00276	784
0.002765	752
0.00277	780
0.002775	791
0.00278	757
0.002785	762
0.00279	738
0.002795	730
0.0028	785
0.002805	798
0.00281	758
0.002815	759
0.00282	771
0.002825	764
0.00283	790
0.002835	744
0.00284	788
0.002845	800
0.00285	806
0.002855	752
0.00286	734
0.002865	757
0.00287	691
0.002875	708
0.00288	808
0.002885	711
0.00289	803
0.002895	731
0.0029	725
0.002905	742
0.00291	773
0.002915	724
0.00292	766
0.002925	797
0.00293	786
0.002935	708
0.00294	746
0.002945	693
0.00295	736
0.002955	687
0.00296	754
0.002965	729
0.00297	730
0.002975	690
0.00298	691
0.002985	686
0.00299	748
0.002995	688
0.003	709
0.003005	751
0.00301	753
0.003015	684
0.00302	746
0.003025	777
0.00303	704
0.003035	708
0.00304	713
0.003045	731
0.00305	706
0.003055	718
0.00306	694
0.003065	684
0.00307	704
0.003075	649
0.00308	680
0.003085	671
0.00309	682
0.003095	682
0.0031	666
0.003105	655
0.00311	672
0.003115	646
0.00312	650
0.003125	672
0.00313	668
0.003135	726
0.00314	691
0.003145	657
0.00315	627
0.003155	665
0.00316	662
0.003165	682
0.00317	652
0.003175	640
0.00318	655
0.003185	699
0.00319	609
0.003195	647
0.0032	696
0.003205	682
0.00321	665
0.003215	651
0.00322	638
0.003225	598
0.00323	635
0.003235	625
0.00324	622
0.003245	622
0.00325	627
0.003255	642
0.00326	630
0.003265	622
0.00327	665
0.003275	699
0.00328	637
0.003285	636
0.00329	625
0.003295	590
0.0033	574
0.003305	629
0.00331	604
0.003315	681
0.00332	604
0.003325	611
0.00333	590
0.003335	574
0.00334	646
0.003345	624
0.00335	636
0.003355	584
0.00336	602
0.003365	621
0.00337	625
0.003375	579
0.00338	644
0.003385	621
0.00339	552
0.003395	604
0.0034	624
0.003405	577
0.00341	631
0.003415	588
0.00342	611
0.003425	647
0.00343	587
0.003435	634
0.00344	591
0.003445	645
0.00345	642
0.003455	609
0.00346	606
0.003465	588
0.00347	603
0.003475	589
0.00348	579
0.003485	600
0.00349	541
0.003495	608
0.0035	547
0.003505	596
0.00351	557
0.003515	583
0.00352	562
0.003525	582
0.00353	608
0.003535	588
0.00354	565
0.003545	581
0.00355	528
0.003555	580
0.00356	575
0.003565	559
0.00357	630
0.003575	569
0.00358	567
0.003585	570
0.00359	542
0.003595	573
0.0036	556
0.003605	569
0.00361	558
0.003615	550
0.00362	513
0.003625	562
0.00363	565
0.003635	563
0.00364	546
0.003645	570
0.00365	583
0.003655	529
0.00366	511
0.003665	531
0.00367	554
0.003675	505
0.00368	562
0.003685	552
0.00369	570
0.003695	578
0.0037	550
0.003705	532
0.00371	512
0.003715	553
0.00372	573
0.003725	560
0.00373	523
0.003735	547
0.00374	564
0.003745	520
0.00375	531
0.003755	525
0.00376	506
0.003765	536
0.00377	583
0.003775	511
0.00378	555
0.003785	529
0.00379	500
0.003795	555
0.0038	475
0.003805	515
0.00381	487
0.003815	496
0.00382	513
0.003825	530
0.00383	534
0.003835	501
0.00384	535
0.003845	517
0.00385	552
0.003855	533
0.00386	484
0.003865	535
0.00387	514
0.003875	501
0.00388	535
0.003885	540
0.00389	476
0.003895	494
0.0039	498
0.003905	504
0.00391	506
0.003915	496
0.00392	498
0.003925	510
0.00393	513
0.003935	513
0.00394	503
0.003945	509
0.00395	472
0.003955	467
0.00396	512
0.003965	490
0.00397	484
0.003975	472
0.00398	489
0.003985	477
0.00399	522
0.003995	466
0.004	470
0.004005	496
0.00401	526
0.004015	524
0.00402	494
0.004025	529
0.00403	486
0.004035	496
0.00404	500
0.004045	474
0.00405	469
0.004055	502
0.00406	517
0.004065	505
0.00407	463
0.004075	443
0.00408	485
0.004085	491
0.00409	460
0.004095	450
0.0041	485
0.004105	440
0.00411	478
0.004115	457
0.00412	443
0.004125	464
0.00413	437
0.004135	424
0.00414	463
0.004145	455
0.00415	498
0.004155	471
0.00416	457
0.004165	466
0.00417	419
0.004175	456
0.00418	457
0.004185	477
0.00419	443
0.004195	414
0.0042	453
0.004205	438
0.00421	455
0.004215	425
0.00422	481
0.004225	491
0.00423	456
0.004235	436
0.00424	490
0.004245	470
0.00425	446
0.004255	445
0.00426	453
0.004265	461
0.00427	433
0.004275	461
0.00428	412
0.004285	424
0.00429	466
0.004295	409
0.0043	442
0.004305	481
0.00431	439
0.004315	417
0.00432	434
0.004325	426
0.00433	402
0.004335	417
0.00434	406
0.004345	449
0.00435	417
0.004355	431
0.00436	402
0.004365	415
0.00437	432
0.004375	419
0.00438	399
0.004385	460
0.00439	461
0.004395	431
0.0044	415
0.004405	394
0.00441	374
0.004415	412
0.00442	431
0.004425	438
0.00443	403
0.004435	373
0.00444	389
0.004445	460
0.00445	402
0.004455	411
0.00446	424
0.004465	397
0.00447	384
0.004475	432
0.00448	422
0.004485	393
0.00449	420
0.004495	411
0.0045	429
0.004505	395
0.00451	395
0.004515	380
0.00452	361
0.004525	448
0.00453	413
0.004535	453
0.00454	428
0.004545	400
0.00455	409
0.004555	414
0.00456	404
0.004565	382
0.00457	441
0.004575	379
0.00458	375
0.004585	399
0.00459	394
0.004595	385
0.0046	402
0.004605	407
0.00461	345
0.004615	418
0.00462	386
0.004625	419
0.00463	396
0.004635	387
0.00464	373
0.004645	396
0.00465	385
0.004655	403
0.00466	394
0.004665	376
0.00467	323
0.004675	379
0.00468	385
0.004685	413
0.00469	389
0.004695	367
0.0047	360
0.004705	443
0.00471	372
0.004715	375
0.00472	393
0.004725	385
0.00473	376
0.004735	430
0.00474	404
0.004745	380
0.00475	407
0.004755	383
0.00476	373
0.004765	357
0.00477	357
0.004775	396
0.00478	376
0.004785	361
0.00479	375
0.004795	388
0.0048	363
0.004805	401
0.00481	344
0.004815	390
0.00482	355
0.004825	320
0.00483	348
0.004835	366
0.00484	360
0.004845	373
0.00485	361
0.004855	383
0.00486	379
0.004865	388
0.00487	370
0.004875	390
0.00488	352
0.004885	380
0.00489	345
0.004895	358
0.0049	353
0.004905	376
0.00491	364
0.004915	380
0.00492	381
0.004925	357
0.00493	369
0.004935	343
0.00494	342
0.004945	382
0.00495	339
0.004955	372
0.00496	319
0.004965	370
0.00497	327
0.004975	354
0.00498	332
0.004985	352
0.00499	361
0.004995	364
0.005	349
0.005005	373
0.00501	324
0.005015	336
0.00502	336
0.005025	353
0.00503	319
0.005035	338
0.00504	333
0.005045	337
0.00505	350
0.005055	338
0.00506	352
0.005065	371
0.00507	348
0.005075	348
0.00508	385
0.005085	337
0.00509	342
0.005095	353
0.0051	337
0.005105	361
0.00511	374
0.005115	325
0.00512	351
0.005125	311
0.00513	322
0.005135	351
0.00514	333
0.005145	335
0.00515	332
0.005155	343
0.00516	338
0.005165	325
0.00517	328
0.005175	342
0.00518	341
0.005185	353
0.00519	338
0.005195	360
0.0052	349
0.005205	316
0.00521	321
0.005215	328
0.00522	353
0.005225	332
0.00523	341
0.005235	328
0.00524	343
0.005245	334
0.00525	327
0.005255	347
0.00526	340
0.005265	300
0.00527	326
0.005275	334
0.00528	317
0.005285	356
0.00529	346
0.005295	329
0.0053	330
0.005305	310
0.00531	308
0.005315	303
0.00532	322
0.005325	362
0.00533	331
0.005335	321
0.00534	330
0.005345	295
0.00535	340
0.005355	320
0.00536	288
0.005365	309
0.00537	330
0.005375	314
0.00538	298
0.005385	314
0.00539	319
0.005395	324
0.0054	303
0.005405	282
0.00541	278
0.005415	314
0.00542	321
0.005425	311
0.00543	302
0.005435	327
0.00544	298
0.005445	315
0.00545	322
0.005455	300
0.00546	265
0.005465	306
0.00547	304
0.005475	317
0.00548	292
0.005485	306
0.00549	325
0.005495	297
0.0055	321
0.005505	291
0.00551	305
0.005515	261
0.00552	291
0.005525	329
0.00553	275
0.005535	313
0.00554	299
0.005545	301
0.00555	314
0.005555	347
0.00556	309
0.005565	308
0.00557	277
0.005575	299
0.00558	311
0.005585	278
0.00559	275
0.005595	257
0.0056	314
0.005605	323
0.00561	292
0.005615	293
0.00562	289
0.005625	321
0.00563	296
0.005635	302
0.00564	313
0.005645	288
0.00565	268
0.005655	275
0.00566	268
0.005665	304
0.00567	266
0.005675	272
0.00568	289
0.005685	292
0.00569	295
0.005695	285
0.0057	285
0.005705	293
0.00571	269
0.005715	259
0.00572	284
0.005725	292
0.00573	273
0.005735	287
0.00574	265
0.005745	283
0.00575	268
0.005755	285
0.00576	275
0.005765	284
0.00577	269
0.005775	276
0.00578	321
0.005785	313
0.00579	292
0.005795	280
0.0058	318
0.005805	268
0.00581	308
0.005815	269
0.00582	285
0.005825	266
0.00583	318
0.005835	253
0.00584	295
0.005845	262
0.00585	268
0.005855	268
0.00586	310
0.005865	277
0.00587	293
0.005875	305
0.00588	266
0.005885	266
0.00589	312
0.005895	279
0.0059	264
0.005905	274
0.00591	284
0.005915	259
0.00592	265
0.005925	261
0.00593	304
0.005935	279
0.00594	269
0.005945	254
0.00595	269
0.005955	274
0.00596	264
0.005965	273
0.00597	266
0.005975	262
0.00598	290
0.005985	256
0.00599	291
0.005995	260
0.006	246
0.006005	261
0.00601	256
0.006015	263
0.00602	260
0.006025	260
0.00603	266
0.006035	284
0.00604	254
0.006045	268
0.00605	264
0.006055	270
0.00606	241
0.006065	264
0.00607	245
0.006075	274
0.00608	268
0.006085	258
0.00609	259
0.006095	241
0.0061	270
0.006105	252
0.00611	271
0.006115	280
0.00612	266
0.006125	291
0.00613	293
0.006135	247
0.00614	285
0.006145	265
0.00615	227
0.006155	260
0.00616	258
0.006165	284
0.00617	258
0.006175	269
0.00618	243
0.006185	207
0.00619	250
0.006195	270
0.0062	249
0.006205	256
0.00621	298
0.006215	259
0.00622	278
0.006225	267
0.00623	266
0.006235	238
0.00624	251
0.006245	256
0.00625	234
0.006255	260
0.00626	286
0.006265	265
0.00627	257
0.006275	276
0.00628	228
0.006285	218
0.00629	254
0.006295	251
0.0063	245
0.006305	234
0.00631	249
0.006315	257
0.00632	244
0.006325	244
0.00633	227
0.006335	249
0.00634	242
0.006345	229
0.00635	229
0.006355	242
0.00636	249
0.006365	229
0.00637	207
0.006375	208
0.00638	257
0.006385	235
0.00639	253
0.006395	224
0.0064	247
0.006405	241
0.00641	239
0.006415	252
0.00642	239
0.006425	256
0.00643	248
0.006435	236
0.00644	215
0.006445	238
0.00645	202
0.006455	247
0.00646	258
0.006465	264
0.00647	230
0.006475	241
0.00648	241
0.006485	252
0.00649	244
0.006495	236
0.0065	232
0.006505	240
0.00651	241
0.006515	261
0.00652	243
0.006525	234
0.00653	217
0.006535	239
0.00654	214
0.006545	210
0.00655	224
0.006555	231
0.00656	224
0.006565	206
0.00657	223
0.006575	245
0.00658	228
0.006585	221
0.00659	235
0.006595	227
0.0066	260
0.006605	236
0.00661	248
0.006615	247
0.00662	212
0.006625	213
0.00663	242
0.006635	226
0.00664	229
0.006645	223
0.00665	231
0.006655	258
0.00666	200
0.006665	222
0.00667	227
0.006675	218
0.00668	228
0.006685	219
0.00669	256
0.006695	221
0.0067	211
0.006705	236
0.00671	238
0.006715	215
0.00672	219
0.006725	241
0.00673	213
0.006735	207
0.00674	252
0.006745	221
0.00675	240
0.006755	219
0.00676	207
0.006765	206
0.00677	203
0.006775	215
0.00678	234
0.006785	249
0.00679	243
0.006795	206
0.0068	219
0.006805	205
0.00681	201
0.006815	235
0.00682	234
0.006825	224
0.00683	223
0.006835	231
0.00684	240
0.006845	230
0.00685	227
0.006855	186
0.00686	211
0.006865	236
0.00687	211
0.006875	204
0.00688	231
0.006885	210
0.00689	237
0.006895	213
0.0069	235
0.006905	212
0.00691	221
0.006915	215
0.00692	227
0.006925	221
0.00693	235
0.006935	247
0.00694	218
0.006945	204
0.00695	225
0.006955	214
0.00696	228
0.006965	238
0.00697	222
0.006975	201
0.00698	185
0.006985	211
0.00699	203
0.006995	209
0.007	206
0.007005	206
0.00701	203
0.007015	206
0.00702	207
0.007025	233
0.00703	207
0.007035	201
0.00704	230
0.007045	244
0.00705	201
0.007055	212
0.00706	203
0.007065	198
0.00707	216
0.007075	206
0.00708	202
0.007085	204
0.00709	198
0.007095	212
0.0071	191
0.007105	211
0.00711	181
0.007115	228
0.00712	231
0.007125	230
0.00713	208
0.007135	203
0.00714	246
0.007145	189
0.00715	220
0.007155	200
0.00716	214
0.007165	199
0.00717	209
0.007175	202
0.00718	209
0.007185	218
0.00719	209
0.007195	189
0.0072	183
0.007205	182
0.00721	233
0.007215	189
0.00722	214
0.007225	186
0.00723	204
0.007235	202
0.00724	237
0.007245	212
0.00725	186
0.007255	201
0.00726	210
0.007265	180
0.00727	189
0.007275	219
0.00728	181
0.007285	209
0.00729	208
0.007295	202
0.0073	228
0.007305	208
0.00731	194
0.007315	224
0.00732	196
0.007325	206
0.00733	226
0.007335	199
0.00734	202
0.007345	188
0.00735	204
0.007355	214
0.00736	204
0.007365	198
0.00737	217
0.007375	201
0.00738	182
0.007385	185
0.00739	186
0.007395	200
0.0074	202
0.007405	188
0.00741	185
0.007415	179
0.00742	188
0.007425	176
0.00743	195
0.007435	204
0.00744	204
0.007445	190
0.00745	241
0.007455	195
0.00746	193
0.007465	185
0.00747	193
0.007475	173
0.00748	204
0.007485	177
0.00749	194
0.007495	211
0.0075	170
0.007505	206
0.00751	206
0.007515	210
0.00752	211
0.007525	172
0.00753	177
0.007535	180
0.00754	163
0.007545	196
0.00755	208
0.007555	186
0.00756	199
0.007565	183
0.00757	206
0.007575	196
0.00758	214
0.007585	180
0.00759	206
0.007595	210
0.0076	198
0.007605	185
0.00761	188
0.007615	197
0.00762	182
0.007625	194
0.00763	176
0.007635	179
0.00764	185
0.007645	188
0.00765	200
0.007655	172
0.00766	183
0.007665	170
0.00767	181
0.007675	173
0.00768	210
0.007685	165
0.00769	155
0.007695	174
0.0077	157
0.007705	188
0.00771	207
0.007715	203
0.00772	189
0.007725	157
0.00773	183
0.007735	195
0.00774	158
0.007745	176
0.00775	184
0.007755	177
0.00776	169
0.007765	177
0.00777	157
0.007775	198
0.00778	164
0.007785	164
0.00779	192
0.007795	185
0.0078	190
0.007805	163
0.00781	179
0.007815	178
0.00782	165
0.007825	162
0.00783	211
0.007835	191
0.00784	176
0.007845	178
0.00785	152
0.007855	203
0.00786	168
0.007865	166
0.00787	184
0.007875	188
0.00788	191
0.007885	165
0.00789	205
0.007895	170
0.0079	177
0.007905	182
0.00791	183
0.007915	185
0.00792	174
0.007925	152
0.00793	181
0.007935	190
0.00794	184
0.007945	154
0.00795	188
0.007955	180
0.00796	164
0.007965	178
0.00797	176
0.007975	187
0.00798	175
0.007985	201
0.00799	179
0.007995	184
0.008	162
0.008005	164
0.00801	169
0.008015	175
0.00802	174
0.008025	160
0.00803	179
0.008035	163
0.00804	158
0.008045	187
0.00805	167
0.008055	205
0.00806	169
0.008065	177
0.00807	177
0.008075	154
0.00808	170
0.008085	162
0.00809	180
0.008095	176
0.0081	170
0.008105	170
0.00811	162
0.008115	170
0.00812	179
0.008125	161
0.00813	187
0.008135	176
0.00814	178
0.008145	156
0.00815	181
0.008155	167
0.00816	186
0.008165	163
0.00817	164
0.008175	190
0.00818	205
0.008185	186
0.00819	182
0.008195	154
0.0082	164
0.008205	169
0.00821	191
0.008215	170
0.00822	157
0.008225	161
0.00823	192
0.008235	145
0.00824	196
0.008245	182
0.00825	165
0.008255	187
0.00826	177
0.008265	175
0.00827	181
0.008275	173
0.00828	169
0.008285	176
0.00829	190
0.008295	172
0.0083	169
0.008305	169
0.00831	155
0.008315	152
0.00832	163
0.008325	158
0.00833	154
0.008335	149
0.00834	178
0.008345	171
0.00835	154
0.008355	161
0.00836	166
0.008365	177
0.00837	174
0.008375	155
0.00838	163
0.008385	157
0.00839	153
0.008395	180
0.0084	179
0.008405	141
0.00841	164
0.008415	142
0.00842	180
0.008425	151
0.00843	171
0.008435	149
0.00844	161
0.008445	154
0.00845	167
0.008455	172
0.00846	190
0.008465	177
0.00847	170
0.008475	156
0.00848	165
0.008485	166
0.00849	148
0.008495	164
0.0085	157
0.008505	155
0.00851	166
0.008515	165
0.00852	188
0.008525	184
0.00853	174
0.008535	173
0.00854	159
0.008545	161
0.00855	170
0.008555	176
0.00856	168
0.008565	166
0.00857	171
0.008575	145
0.00858	174
0.008585	156
0.00859	164
0.008595	169
0.0086	159
0.008605	162
0.00861	153
0.008615	169
0.00862	168
0.008625	161
0.00863	177
0.008635	155
0.00864	164
0.008645	165
0.00865	172
0.008655	157
0.00866	148
0.008665	161
0.00867	170
0.008675	153
0.00868	164
0.008685	166
0.00869	141
0.008695	157
0.0087	144
0.008705	162
0.00871	161
0.008715	149
0.00872	154
0.008725	160
0.00873	157
0.008735	166
0.00874	148
0.008745	174
0.00875	147
0.008755	135
0.00876	144
0.008765	155
0.00877	169
0.008775	152
0.00878	162
0.008785	164
0.00879	149
0.008795	157
0.0088	164
0.008805	160
0.00881	149
0.008815	151
0.00882	155
0.008825	163
0.00883	151
0.008835	165
0.00884	171
0.008845	174
0.00885	172
0.008855	168
0.00886	153
0.008865	142
0.00887	155
0.008875	172
0.00888	157
0.008885	156
0.00889	141
0.008895	137
0.0089	155
0.008905	160
0.00891	138
0.008915	161
0.00892	176
0.008925	157
0.00893	169
0.008935	155
0.00894	175
0.008945	163
0.00895	137
0.008955	153
0.00896	170
0.008965	160
0.00897	144
0.008975	139
0.00898	148
0.008985	154
0.00899	143
0.008995	157
0.009	152
0.009005	145
0.00901	161
0.009015	163
0.00902	154
0.009025	137
0.00903	164
0.009035	144
0.00904	126
0.009045	129
0.00905	142
0.009055	178
0.00906	136
0.009065	163
0.00907	159
0.009075	147
0.00908	152
0.009085	149
0.00909	168
0.009095	130
0.0091	153
0.009105	150
0.00911	154
0.009115	172
0.00912	137
0.009125	143
0.00913	163
0.009135	140
0.00914	136
0.009145	155
0.00915	126
0.009155	137
0.00916	168
0.009165	134
0.00917	141
0.009175	157
0.00918	148
0.009185	130
0.00919	143
0.009195	162
0.0092	149
0.009205	152
0.00921	168
0.009215	150
0.00922	153
0.009225	180
0.00923	145
0.009235	137
0.00924	151
0.009245	152
0.00925	141
0.009255	135
0.00926	129
0.009265	151
0.00927	138
0.009275	137
0.00928	149
0.009285	132
0.00929	154
0.009295	144
0.0093	148
0.009305	137
0.00931	137
0.009315	141
0.00932	161
0.009325	132
0.00933	179
0.009335	127
0.00934	144
0.009345	136
0.00935	133
0.009355	138
0.00936	149
0.009365	149
0.00937	129
0.009375	140
0.00938	143
0.009385	139
0.00939	143
0.009395	150
0.0094	137
0.009405	153
0.00941	148
0.009415	137
0.00942	144
0.009425	142
0.00943	166
0.009435	135
0.00944	156
0.009445	142
0.00945	151
0.009455	160
0.00946	127
0.009465	155
0.00947	155
0.009475	135
0.00948	140
0.009485	162
0.00949	137
0.009495	160
0.0095	158
0.009505	133
0.00951	142
0.009515	154
0.00952	141
0.009525	131
0.00953	122
0.009535	151
0.00954	126
0.009545	149
0.00955	132
0.009555	132
0.00956	141
0.009565	128
0.00957	133
0.009575	131
0.00958	154
0.009585	143
0.00959	164
0.009595	139
0.0096	148
0.009605	174
0.00961	118
0.009615	141
0.00962	147
0.009625	155
0.00963	156
0.009635	155
0.00964	140
0.009645	146
0.00965	150
0.009655	148
0.00966	151
0.009665	146
0.00967	144
0.009675	139
0.00968	149
0.009685	136
0.00969	145
0.009695	135
0.0097	134
0.009705	111
0.00971	125
0.009715	153
0.00972	157
0.009725	142
0.00973	131
0.009735	148
0.00974	150
0.009745	148
0.00975	132
0.009755	129
0.00976	134
0.009765	131
0.00977	137
0.009775	156
0.00978	127
0.009785	145
0.00979	145
0.009795	158
0.0098	151
0.009805	126
0.00981	129
0.009815	151
0.00982	163
0.009825	144
0.00983	145
0.009835	138
0.00984	140
0.009845	157
0.00985	128
0.009855	141
0.00986	145
0.009865	142
0.00987	133
0.009875	151
0.00988	165
0.009885	144
0.00989	160
0.009895	124
0.0099	169
0.009905	147
0.00991	149
0.009915	129
0.00992	131
0.009925	151
0.00993	133
0.009935	131
0.00994	121
0.009945	132
0.00995	149
0.009955	140
0.00996	151
0.009965	131
0.00997	140
0.009975	144
0.00998	139
0.009985	123
0.00999	125
0.009995	127
0.01	140
0.010005	158
0.01001	141
0.010015	156
0.01002	132
0.010025	121
0.01003	123
0.010035	137
0.01004	133
0.010045	149
0.01005	159
0.010055	151
0.01006	132
0.010065	152
0.01007	130
0.010075	122
0.01008	139
0.010085	120
0.01009	120
0.010095	145
0.0101	148
0.010105	142
0.01011	123
0.010115	130
0.01012	135
0.010125	126
0.01013	134
0.010135	121
0.01014	128
0.010145	124
0.01015	139
0.010155	140
0.01016	131
0.010165	135
0.01017	136
0.010175	147
0.01018	145
0.010185	127
0.01019	119
0.010195	125
0.0102	131
0.010205	151
0.01021	135
0.010215	133
0.01022	141
0.010225	122
0.01023	136
0.010235	138
0.01024	137
0.010245	148
0.01025	119
0.010255	119
0.01026	147
0.010265	152
0.01027	149
0.010275	132
0.01028	128
0.010285	141
0.01029	140
0.010295	133
0.0103	122
0.010305	127
0.01031	149
0.010315	139
0.01032	170
0.010325	138
0.01033	128
0.010335	134
0.01034	132
0.010345	123
0.01035	135
0.010355	129
0.01036	126
0.010365	144
0.01037	144
0.010375	144
0.01038	141
0.010385	124
0.01039	133
0.010395	126
0.0104	136
0.010405	139
0.01041	141
0.010415	132
0.01042	128
0.010425	105
0.01043	127
0.010435	115
0.01044	139
0.010445	124
0.01045	135
0.010455	121
0.01046	129
0.010465	127
0.01047	134
0.010475	146
0.01048	133
0.010485	151
0.01049	147
0.010495	118
0.0105	161
0.010505	124
0.01051	116
0.010515	140
0.01052	135
0.010525	135
0.01053	131
0.010535	133
0.01054	115
0.010545	143
0.01055	110
0.010555	133
0.01056	111
0.010565	126
0.01057	131
0.010575	134
0.01058	145
0.010585	135
0.01059	140
0.010595	141
0.0106	133
0.010605	106
0.01061	130
0.010615	132
0.01062	132
0.010625	103
0.01063	142
0.010635	157
0.01064	147
0.010645	115
0.01065	116
0.010655	135
0.01066	125
0.010665	125
0.01067	138
0.010675	142
0.01068	107
0.010685	116
0.01069	127
0.010695	131
0.0107	116
0.010705	131
0.01071	113
0.010715	128
0.01072	146
0.010725	137
0.01073	148
0.010735	117
0.01074	130
0.010745	110
0.01075	132
0.010755	114
0.01076	133
0.010765	143
0.01077	123
0.010775	146
0.01078	133
0.010785	130
0.01079	122
0.010795	126
0.0108	118
0.010805	139
0.01081	138
0.010815	135
0.01082	121
0.010825	99
0.01083	138
0.010835	146
0.01084	131
0.010845	123
0.01085	135
0.010855	154
0.01086	126
0.010865	143
0.01087	131
0.010875	129
0.01088	132
0.010885	128
0.01089	129
0.010895	106
0.0109	137
0.010905	122
0.01091	132
0.010915	118
0.01092	131
0.010925	113
0.01093	115
0.010935	135
0.01094	130
0.010945	141
0.01095	123
0.010955	116
0.01096	126
0.010965	138
0.01097	120
0.010975	103
0.01098	118
0.010985	120
0.01099	139
0.010995	111
0.011	129
0.011005	118
0.01101	123
0.011015	123
0.01102	113
0.011025	120
0.01103	136
0.011035	125
0.01104	129
0.011045	125
0.01105	118
0.011055	138
0.01106	128
0.011065	116
0.01107	128
0.011075	127
0.01108	119
0.011085	116
0.01109	142
0.011095	111
0.0111	124
0.011105	132
0.01111	132
0.011115	129
0.01112	126
0.011125	137
0.01113	96
0.011135	126
0.01114	115
0.011145	115
0.01115	123
0.011155	131
0.01116	139
0.011165	130
0.01117	122
0.011175	109
0.01118	125
0.011185	127
0.01119	127
0.011195	124
0.0112	117
0.011205	124
0.01121	135
0.011215	121
0.01122	113
0.011225	133
0.01123	139
0.011235	133
0.01124	129
0.011245	137
0.01125	130
0.011255	126
0.01126	139
0.011265	132
0.01127	107
0.011275	115
0.01128	126
0.011285	132
0.01129	131
0.011295	101
0.0113	134
0.011305	124
0.01131	127
0.011315	133
0.01132	127
0.011325	124
0.01133	131
0.011335	137
0.01134	124
0.011345	122
0.01135	143
0.011355	127
0.01136	105
0.011365	112
0.01137	132
0.011375	123
0.01138	122
0.011385	118
0.01139	131
0.011395	140
0.0114	122
0.011405	119
0.01141	97
0.011415	117
0.01142	137
0.011425	139
0.01143	137
0.011435	130
0.01144	128
0.011445	122
0.01145	105
0.011455	126
0.01146	115
0.011465	116
0.01147	123
0.011475	130
0.01148	131
0.011485	110
0.01149	125
0.011495	137
0.0115	95
0.011505	121
0.01151	119
0.011515	125
0.01152	115
0.011525	113
0.01153	131
0.011535	118
0.01154	136
0.011545	122
0.01155	142
0.011555	124
0.01156	140
0.011565	116
0.01157	111
0.011575	110
0.01158	125
0.011585	105
0.01159	127
0.011595	118
0.0116	100
0.011605	102
0.01161	129
0.011615	108
0.01162	105
0.011625	118
0.01163	129
0.011635	130
0.01164	118
0.011645	140
0.01165	121
0.011655	119
0.01166	119
0.011665	120
0.01167	126
0.011675	113
0.01168	129
0.011685	104
0.01169	119
0.011695	118
0.0117	117
0.011705	110
0.01171	120
0.011715	122
0.01172	132
0.011725	118
0.01173	123
0.011735	120
0.01174	118
0.011745	124
0.01175	113
0.011755	106
0.01176	117
0.011765	139
0.01177	105
0.011775	116
0.01178	107
0.011785	106
0.01179	140
0.011795	113
0.0118	130
0.011805	123
0.01181	116
0.011815	111
0.01182	123
0.011825	120
0.01183	135
0.011835	121
0.01184	112
0.011845	120
0.01185	109
0.011855	134
0.01186	146
0.011865	120
0.01187	140
0.011875	129
0.01188	114
0.011885	120
0.01189	122
0.011895	136
0.0119	116
0.011905	115
0.01191	121
0.011915	111
0.01192	121
0.011925	104
0.01193	114
0.011935	126
0.01194	110
0.011945	111
0.01195	113
0.011955	106
0.01196	118
0.011965	135
0.01197	139
0.011975	122
0.01198	98
0.011985	118
0.01199	125
0.011995	113
0.012	135
0.012005	116
0.01201	108
0.012015	101
0.01202	110
0.012025	112
0.01203	118
0.012035	112
0.01204	100
0.012045	120
0.01205	138
0.012055	127
0.01206	133
0.012065	113
0.01207	108
0.012075	121
0.01208	130
0.012085	123
0.01209	96
0.012095	121
0.0121	108
0.012105	123
0.01211	127
0.012115	116
0.01212	109
0.012125	109
0.01213	112
0.012135	149
0.01214	124
0.012145	113
0.01215	108
0.012155	121
0.01216	111
0.012165	111
0.01217	120
0.012175	104
0.01218	118
0.012185	99
0.01219	114
0.012195	104
0.0122	109
0.012205	118
0.01221	102
0.012215	134
0.01222	120
0.012225	117
0.01223	126
0.012235	112
0.01224	110
0.012245	111
0.01225	142
0.012255	105
0.01226	118
0.012265	121
0.01227	142
0.012275	115
0.01228	112
0.012285	114
0.01229	118
0.012295	127
0.0123	92
0.012305	112
0.01231	108
0.012315	110
0.01232	134
0.012325	116
0.01233	126
0.012335	124
0.01234	111
0.012345	130
0.01235	115
0.012355	109
0.01236	133
0.012365	106
0.01237	107
0.012375	117
0.01238	117
0.012385	111
0.01239	97
0.012395	107
0.0124	100
0.012405	101
0.01241	107
0.012415	95
0.01242	112
0.012425	121
0.01243	95
0.012435	122
0.01244	114
0.012445	113
0.01245	111
0.012455	121
0.01246	105
0.012465	113
0.01247	113
0.012475	109
0.01248	117
0.012485	120
0.01249	112
0.012495	127
0.0125	117
0.012505	101
0.01251	122
0.012515	101
0.01252	127
0.012525	112
0.01253	108
0.012535	87
0.01254	152
0.012545	106
0.01255	137
0.012555	124
0.01256	137
0.012565	99
0.01257	120
0.012575	93
0.01258	119
0.012585	106
0.01259	147
0.012595	113
0.0126	123
0.012605	122
0.01261	116
0.012615	120
0.01262	137
0.012625	137
0.01263	120
0.012635	113
0.01264	97
0.012645	112
0.01265	90
0.012655	95
0.01266	115
0.012665	129
0.01267	128
0.012675	116
0.01268	108
0.012685	106
0.01269	95
0.012695	132
0.0127	123
0.012705	118
0.01271	120
0.012715	120
0.01272	114
0.012725	122
0.01273	124
0.012735	115
0.01274	111
0.012745	108
0.01275	108
0.012755	100
0.01276	110
0.012765	108
0.01277	95
0.012775	113
0.01278	100
0.012785	105
0.01279	121
0.012795	127
0.0128	95
0.012805	99
0.01281	107
0.012815	98
0.01282	115
0.012825	115
0.01283	108
0.012835	119
0.01284	105
0.012845	138
0.01285	132
0.012855	104
0.01286	90
0.012865	109
0.01287	87
0.012875	78
0.01288	114
0.012885	98
0.01289	119
0.012895	109
0.0129	110
0.012905	113
0.01291	99
0.012915	118
0.01292	110
0.012925	101
0.01293	102
0.012935	133
0.01294	110
0.012945	119
0.01295	113
0.012955	122
0.01296	95
0.012965	120
0.01297	119
0.012975	100
0.01298	103
0.012985	122
0.01299	102
0.012995	103
0.013	97
0.013005	125
0.01301	119
0.013015	115
0.01302	127
0.013025	134
0.01303	126
0.013035	129
0.01304	115
0.013045	125
0.01305	119
0.013055	125
0.01306	112
0.013065	117
0.01307	123
0.013075	118
0.01308	112
0.013085	95
0.01309	107
0.013095	130
0.0131	105
0.013105	111
0.01311	118
0.013115	105
0.01312	114
0.013125	110
0.01313	119
0.013135	113
0.01314	109
0.013145	123
0.01315	107
0.013155	130
0.01316	114
0.013165	129
0.01317	107
0.013175	127
0.01318	108
0.013185	90
0.01319	100
0.013195	111
0.0132	114
0.013205	100
0.01321	115
0.013215	115
0.01322	109
0.013225	132
0.01323	112
0.013235	104
0.01324	107
0.013245	124
0.01325	104
0.013255	121
0.01326	117
0.013265	111
0.01327	119
0.013275	114
0.01328	105
0.013285	93
0.01329	99
0.013295	106
0.0133	96
0.013305	96
0.01331	96
0.013315	120
0.01332	109
0.013325	98
0.01333	108
0.013335	104
0.01334	118
0.013345	104
0.01335	135
0.013355	121
0.01336	111
0.013365	98
0.01337	105
0.013375	110
0.01338	114
0.013385	112
0.01339	98
0.013395	95
0.0134	127
0.013405	112
0.01341	112
0.013415	116
0.01342	106
0.013425	108
0.01343	109
0.013435	125
0.01344	111
0.013445	118
0.01345	102
0.013455	119
0.01346	102
0.013465	121
0.01347	119
0.013475	96
0.01348	110
0.013485	110
0.01349	118
0.013495	129
0.0135	115
0.013505	98
0.01351	117
0.013515	120
0.01352	86
0.013525	101
0.01353	116
0.013535	124
0.01354	122
0.013545	116
0.01355	93
0.013555	99
0.01356	125
0.013565	138
0.01357	116
0.013575	129
0.01358	130
0.013585	106
0.01359	121
0.013595	104
0.0136	122
0.013605	116
0.01361	99
0.013615	105
0.01362	123
0.013625	111
0.01363	121
0.013635	107
0.01364	111
0.013645	123
0.01365	115
0.013655	123
0.01366	120
0.013665	123
0.01367	123
0.013675	101
0.01368	112
0.013685	100
0.01369	117
0.013695	120
0.0137	93
0.013705	105
0.01371	115
0.013715	114
0.01372	94
0.013725	113
0.01373	108
0.013735	102
0.01374	107
0.013745	119
0.01375	107
0.013755	98
0.01376	112
0.013765	111
0.01377	110
0.013775	100
0.01378	122
0.013785	103
0.01379	98
0.013795	125
0.0138	115
0.013805	95
0.01381	117
0.013815	104
0.01382	108
0.013825	111
0.01383	116
0.013835	116
0.01384	105
0.013845	116
0.01385	94
0.013855	102
0.01386	106
0.013865	111
0.01387	124
0.013875	132
0.01388	82
0.013885	116
0.01389	119
0.013895	101
0.0139	104
0.013905	103
0.01391	116
0.013915	111
0.01392	99
0.013925	100
0.01393	132
0.013935	93
0.01394	94
0.013945	112
0.01395	106
0.013955	94
0.01396	108
0.013965	122
0.01397	86
0.013975	98
0.01398	115
0.013985	105
0.01399	110
0.013995	112
0.014	111
0.014005	106
0.01401	97
0.014015	115
0.01402	118
0.014025	118
0.01403	101
0.014035	105
0.01404	121
0.014045	116
0.01405	126
0.014055	105
0.01406	108
0.014065	120
0.01407	118
0.014075	116
0.01408	133
0.014085	112
0.01409	111
0.014095	113
0.0141	127
0.014105	114
0.01411	114
0.014115	133
0.01412	95
0.014125	95
0.01413	112
0.014135	100
0.01414	105
0.014145	121
0.01415	95
0.014155	105
0.01416	115
0.014165	95
0.01417	106
0.014175	101
0.01418	107
0.014185	110
0.01419	107
0.014195	105
0.0142	100
0.014205	117
0.01421	110
0.014215	126
0.01422	112
0.014225	126
0.01423	130
0.014235	100
0.01424	89
0.014245	106
0.01425	104
0.014255	111
0.01426	102
0.014265	92
0.01427	100
0.014275	120
0.01428	104
0.014285	100
0.01429	105
0.014295	101
0.0143	120
0.014305	107
0.01431	101
0.014315	125
0.01432	114
0.014325	114
0.01433	120
0.014335	128
0.01434	102
0.014345	103
0.01435	95
0.014355	110
0.01436	90
0.014365	113
0.01437	115
0.014375	108
0.01438	99
0.014385	124
0.01439	112
0.014395	108
0.0144	108
0.014405	95
0.01441	112
0.014415	116
0.01442	112
0.014425	107
0.01443	106
0.014435	100
0.01444	119
0.014445	108
0.01445	91
0.014455	124
0.01446	99
0.014465	114
0.01447	112
0.014475	93
0.01448	103
0.014485	134
0.01449	87
0.014495	114
0.0145	100
0.014505	121
0.01451	97
0.014515	126
0.01452	106
0.014525	93
0.01453	101
0.014535	105
0.01454	113
0.014545	108
0.01455	94
0.014555	95
0.01456	106
0.014565	110
0.01457	94
0.014575	97
0.01458	101
0.014585	99
0.01459	127
0.014595	111
0.0146	96
0.014605	105
0.01461	88
0.014615	99
0.01462	101
0.014625	121
0.01463	117
0.014635	114
0.01464	103
0.014645	107
0.01465	105
0.014655	106
0.01466	91
0.014665	104
0.01467	103
0.014675	99
0.01468	117
0.014685	121
0.01469	112
0.014695	95
0.0147	106
0.014705	118
0.01471	95
0.014715	102
0.01472	105
0.014725	115
0.01473	106
0.014735	103
0.01474	108
0.014745	120
0.01475	86
0.014755	111
0.01476	118
0.014765	107
0.01477	104
0.014775	107
0.01478	123
0.014785	130
0.01479	88
0.014795	112
0.0148	125
0.014805	106
0.01481	103
0.014815	108
0.01482	95
0.014825	114
0.01483	103
0.014835	106
0.01484	108
0.014845	96
0.01485	103
0.014855	97
0.01486	99
0.014865	114
0.01487	98
0.014875	89
0.01488	103
0.014885	105
0.01489	104
0.014895	96
0.0149	111
0.014905	109
0.01491	98
0.014915	99
0.01492	117
0.014925	131
0.01493	100
0.014935	101
0.01494	109
0.014945	111
0.01495	103
0.014955	99
0.01496	105
0.014965	104
0.01497	122
0.014975	101
0.01498	109
0.014985	100
0.01499	107
0.014995	121
0.015	113
0.015005	108
0.01501	94
0.015015	97
0.01502	110
0.015025	85
0.01503	105
0.015035	112
0.01504	103
0.015045	100
0.01505	96
0.015055	97
0.01506	106
0.015065	102
0.01507	97
0.015075	105
0.01508	106
0.015085	113
0.01509	99
0.015095	112
0.0151	112
0.015105	124
0.01511	118
0.015115	78
0.01512	119
0.015125	114
0.01513	103
0.015135	104
0.01514	106
0.015145	113
0.01515	106
0.015155	111
0.01516	98
0.015165	100
0.01517	103
0.015175	108
0.01518	120
0.015185	104
0.01519	102
0.015195	91
0.0152	106
0.015205	87
0.01521	105
0.015215	112
0.01522	100
0.015225	101
0.01523	109
0.015235	109
0.01524	113
0.015245	120
0.01525	105
0.015255	114
0.01526	111
0.015265	101
0.01527	97
0.015275	87
0.01528	108
0.015285	90
0.01529	107
0.015295	107
0.0153	108
0.015305	87
0.01531	114
0.015315	106
0.01532	107
0.015325	110
0.01533	111
0.015335	121
0.01534	87
0.015345	123
0.01535	101
0.015355	112
0.01536	131
0.015365	101
0.01537	98
0.015375	99
0.01538	102
0.015385	88
0.01539	106
0.015395	101
0.0154	110
0.015405	92
0.01541	98
0.015415	106
0.01542	92
0.015425	87
0.01543	117
0.015435	96
0.01544	84
0.015445	110
0.01545	94
0.015455	111
0.01546	119
0.015465	123
0.01547	97
0.015475	97
0.01548	115
0.015485	113
0.01549	117
0.015495	107
0.0155	94
0.015505	99
0.01551	100
0.015515	112
0.01552	93
0.015525	97
0.01553	97
0.015535	114
0.01554	105
0.015545	117
0.01555	110
0.015555	120
0.01556	102
0.015565	111
0.01557	98
0.015575	98
0.01558	97
0.015585	98
0.01559	104
0.015595	98
0.0156	102
0.015605	103
0.01561	102
0.015615	98
0.01562	111
0.015625	97
0.01563	95
0.015635	103
0.01564	102
0.015645	102
0.01565	113
0.015655	117
0.01566	105
0.015665	126
0.01567	91
0.015675	105
0.01568	91
0.015685	122
0.01569	98
0.015695	93
0.0157	92
0.015705	89
0.01571	109
0.015715	93
0.01572	115
0.015725	91
0.01573	114
0.015735	117
0.01574	108
0.015745	108
0.01575	100
0.015755	108
0.01576	94
0.015765	102
0.01577	115
0.015775	107
0.01578	109
0.015785	115
0.01579	107
0.015795	124
0.0158	90
0.015805	115
0.01581	91
0.015815	101
0.01582	103
0.015825	100
0.01583	117
0.015835	120
0.01584	111
0.015845	90
0.01585	103
0.015855	105
0.01586	122
0.015865	111
0.01587	115
0.015875	105
0.01588	113
0.015885	131
0.01589	95
0.015895	100
0.0159	114
0.015905	105
0.01591	92
0.015915	92
0.01592	109
0.015925	115
0.01593	87
0.015935	116
0.01594	110
0.015945	93
0.01595	94
0.015955	103
0.01596	87
0.015965	113
0.01597	99
0.015975	112
0.01598	87
0.015985	100
0.01599	118
0.015995	119
0.016	116
0.016005	94
0.01601	93
0.016015	96
0.01602	96
0.016025	107
0.01603	117
0.016035	94
0.01604	97
0.016045	107
0.01605	105
0.016055	110
0.01606	104
0.016065	113
0.01607	101
0.016075	103
0.01608	91
0.016085	104
0.01609	95
0.016095	95
0.0161	108
0.016105	81
0.01611	88
0.016115	114
0.01612	90
0.016125	117
0.01613	107
0.016135	101
0.01614	107
0.016145	108
0.01615	109
0.016155	97
0.01616	120
0.016165	93
0.01617	116
0.016175	94
0.01618	102
0.016185	106
0.01619	94
0.016195	102
0.0162	103
0.016205	88
0.01621	110
0.016215	89
0.01622	81
0.016225	93
0.01623	97
0.016235	101
0.01624	100
0.016245	84
0.01625	111
0.016255	93
0.01626	101
0.016265	100
0.01627	101
0.016275	104
0.01628	94
0.016285	101
0.01629	121
0.016295	95
0.0163	103
0.016305	113
0.01631	90
0.016315	107
0.01632	108
0.016325	97
0.01633	107
0.016335	105
0.01634	95
0.016345	104
0.01635	113
0.016355	111
0.01636	97
0.016365	108
0.01637	116
0.016375	90
0.01638	108
0.016385	95
0.01639	95
0.016395	98
0.0164	100
0.016405	99
0.01641	98
0.016415	104
0.01642	122
0.016425	115
0.01643	110
0.016435	107
0.01644	108
0.016445	101
0.01645	92
0.016455	95
0.01646	102
0.016465	99
0.01647	95
0.016475	104
0.01648	103
0.016485	103
0.01649	110
0.016495	91
0.0165	113
0.016505	107
0.01651	103
0.016515	115
0.01652	110
0.016525	123
0.01653	109
0.016535	109
0.01654	94
0.016545	103
0.01655	107
0.016555	82
0.01656	120
0.016565	99
0.01657	96
0.016575	114
0.01658	105
0.016585	118
0.01659	110
0.016595	102
0.0166	90
0.016605	100
0.01661	100
0.016615	98
0.01662	95
0.016625	101
0.01663	94
0.016635	104
0.01664	81
0.016645	101
0.01665	87
0.016655	93
0.01666	116
0.016665	111
0.01667	121
0.016675	124
0.01668	94
0.016685	100
0.01669	93
0.016695	98
0.0167	102
0.016705	112
0.01671	109
0.016715	102
0.01672	109
0.016725	109
0.01673	101
0.016735	112
0.01674	121
0.016745	102
0.01675	79
0.016755	99
0.01676	96
0.016765	78
0.01677	103
0.016775	94
0.01678	83
0.016785	123
0.01679	132
0.016795	118
0.0168	76
0.016805	102
0.01681	82
0.016815	109
0.01682	83
0.016825	100
0.01683	111
0.016835	100
0.01684	112
0.016845	91
0.01685	90
0.016855	109
0.01686	100
0.016865	99
0.01687	98
0.016875	110
0.01688	100
0.016885	103
0.01689	98
0.016895	107
0.0169	114
0.016905	94
0.01691	112
0.016915	114
0.01692	111
0.016925	113
0.01693	99
0.016935	98
0.01694	100
0.016945	115
0.01695	103
0.016955	114
0.01696	93
0.016965	96
0.01697	106
0.016975	113
0.01698	95
0.016985	99
0.01699	98
0.016995	89
0.017	95
0.017005	114
0.01701	96
0.017015	105
0.01702	126
0.017025	85
0.01703	93
0.017035	91
0.01704	121
0.017045	106
0.01705	89
0.017055	107
0.01706	99
0.017065	108
0.01707	109
0.017075	92
0.01708	101
0.017085	118
0.01709	90
0.017095	107
0.0171	105
0.017105	99
0.01711	88
0.017115	89
0.01712	111
0.017125	113
0.01713	102
0.017135	101
0.01714	105
0.017145	92
0.01715	103
0.017155	108
0.01716	103
0.017165	98
0.01717	107
0.017175	98
0.01718	100
0.017185	109
0.01719	101
0.017195	91
0.0172	113
0.017205	97
0.01721	108
0.017215	105
0.01722	99
0.017225	84
0.01723	97
0.017235	101
0.01724	91
0.017245	102
0.01725	107
0.017255	98
0.01726	116
0.017265	112
0.01727	80
0.017275	97
0.01728	116
0.017285	103
0.01729	94
0.017295	113
0.0173	99
0.017305	106
0.01731	103
0.017315	98
0.01732	101
0.017325	92
0.01733	112
0.017335	108
0.01734	95
0.017345	111
0.01735	102
0.017355	107
0.01736	90
0.017365	93
0.01737	90
0.017375	100
0.01738	108
0.017385	92
0.01739	104
0.017395	112
0.0174	100
0.017405	98
0.01741	108
0.017415	88
0.01742	111
0.017425	71
0.01743	92
0.017435	94
0.01744	79
0.017445	94
0.01745	109
0.017455	77
0.01746	117
0.017465	99
0.01747	91
0.017475	108
0.01748	118
0.017485	90
0.01749	120
0.017495	118
0.0175	86
0.017505	101
0.01751	111
0.017515	96
0.01752	129
0.017525	101
0.01753	100
0.017535	93
0.01754	105
0.017545	102
0.01755	85
0.017555	105
0.01756	109
0.017565	100
0.01757	122
0.017575	103
0.01758	101
0.017585	90
0.01759	107
0.017595	101
0.0176	115
0.017605	92
0.01761	99
0.017615	101
0.01762	99
0.017625	92
0.01763	86
0.017635	102
0.01764	119
0.017645	81
0.01765	105
0.017655	99
0.01766	104
0.017665	95
0.01767	107
0.017675	110
0.01768	100
0.017685	87
0.01769	101
0.017695	99
0.0177	95
0.017705	109
0.01771	103
0.017715	108
0.01772	97
0.017725	110
0.01773	102
0.017735	96
0.01774	90
0.017745	103
0.01775	113
0.017755	109
0.01776	93
0.017765	95
0.01777	106
0.017775	122
0.01778	103
0.017785	96
0.01779	101
0.017795	86
0.0178	93
0.017805	96
0.01781	106
0.017815	120
0.01782	102
0.017825	84
0.01783	108
0.017835	93
0.01784	99
0.017845	99
0.01785	87
0.017855	115
0.01786	104
0.017865	100
0.01787	114
0.017875	115
0.01788	106
0.017885	110
0.01789	106
0.017895	91
0.0179	109
0.017905	114
0.01791	107
0.017915	116
0.01792	96
0.017925	125
0.01793	83
0.017935	105
0.01794	88
0.017945	97
0.01795	104
0.017955	87
0.01796	89
0.017965	100
0.01797	111
0.017975	101
0.01798	93
0.017985	94
0.01799	102
0.017995	82
0.018	95
0.018005	113
0.01801	101
0.018015	102
0.01802	114
0.018025	94
0.01803	98
0.018035	102
0.01804	116
0.018045	105
0.01805	113
0.018055	98
0.01806	107
0.018065	107
0.01807	104
0.018075	109
0.01808	86
0.018085	114
0.01809	105
0.018095	93
0.0181	104
0.018105	89
0.01811	110
0.018115	103
0.01812	96
0.018125	109
0.01813	107
0.018135	91
0.01814	118
0.018145	82
0.01815	101
0.018155	100
0.01816	105
0.018165	123
0.01817	92
0.018175	90
0.01818	105
0.018185	96
0.01819	98
0.018195	106
0.0182	101
0.018205	93
0.01821	118
0.018215	108
0.01822	92
0.018225	109
0.01823	85
0.018235	99
0.01824	111
0.018245	90
0.01825	107
0.018255	81
0.01826	100
0.018265	98
0.01827	101
0.018275	94
0.01828	103
0.018285	107
0.01829	97
0.018295	94
0.0183	96
0.018305	98
0.01831	103
0.018315	84
0.01832	75
0.018325	99
0.01833	109
0.018335	92
0.01834	94
0.018345	114
0.01835	108
0.018355	106
0.01836	96
0.018365	97
0.01837	92
0.018375	106
0.01838	98
0.018385	110
0.01839	100
0.018395	111
0.0184	89
0.018405	96
0.01841	108
0.018415	89
0.01842	113
0.018425	94
0.01843	99
0.018435	104
0.01844	101
0.018445	111
0.01845	94
0.018455	111
0.01846	95
0.018465	113
0.01847	108
0.018475	102
0.01848	119
0.018485	108
0.01849	94
0.018495	118
0.0185	116
0.018505	96
0.01851	122
0.018515	106
0.01852	93
0.018525	78
0.01853	103
0.018535	115
0.01854	96
0.018545	112
0.01855	97
0.018555	89
0.01856	110
0.018565	99
0.01857	86
0.018575	86
0.01858	107
0.018585	91
0.01859	87
0.018595	99
0.0186	106
0.018605	96
0.01861	93
0.018615	100
0.01862	100
0.018625	109
0.01863	104
0.018635	107
0.01864	91
0.018645	94
0.01865	100
0.018655	104
0.01866	102
0.018665	96
0.01867	110
0.018675	105
0.01868	94
0.018685	103
0.01869	104
0.018695	79
0.0187	89
0.018705	120
0.01871	95
0.018715	97
0.01872	93
0.018725	92
0.01873	98
0.018735	86
0.01874	110
0.018745	114
0.01875	107
0.018755	107
0.01876	114
0.018765	77
0.01877	94
0.018775	100
0.01878	94
0.018785	92
0.01879	105
0.018795	110
0.0188	99
0.018805	109
0.01881	84
0.018815	109
0.01882	106
0.018825	100
0.01883	106
0.018835	93
0.01884	113
0.018845	103
0.01885	122
0.018855	101
0.01886	122
0.018865	102
0.01887	101
0.018875	94
0.01888	92
0.018885	108
0.01889	103
0.018895	90
0.0189	105
0.018905	112
0.01891	110
0.018915	90
0.01892	88
0.018925	106
0.01893	96
0.018935	99
0.01894	100
0.018945	88
0.01895	101
0.018955	85
0.01896	104
0.018965	95
0.01897	111
0.018975	98
0.01898	89
0.018985	108
0.01899	92
0.018995	112
0.019	92
0.019005	105
0.01901	85
0.019015	94
0.01902	117
0.019025	102
0.01903	104
0.019035	108
0.01904	90
0.019045	104
0.01905	91
0.019055	111
0.01906	114
0.019065	102
0.01907	85
0.019075	80
0.01908	89
0.019085	99
0.01909	101
0.019095	93
0.0191	102
0.019105	100
0.01911	112
0.019115	88
0.01912	101
0.019125	95
0.01913	90
0.019135	84
0.01914	86
0.019145	101
0.01915	115
0.019155	88
0.01916	103
0.019165	98
0.01917	102
0.019175	100
0.01918	105
0.019185	102
0.01919	117
0.019195	111
0.0192	102
0.019205	98
0.01921	98
0.019215	94
0.01922	104
0.019225	86
0.01923	86
0.019235	85
0.01924	117
0.019245	90
0.01925	118
0.019255	102
0.01926	93
0.019265	94
0.01927	109
0.019275	81
0.01928	101
0.019285	107
0.01929	81
0.019295	93
0.0193	113
0.019305	94
0.01931	102
0.019315	98
0.01932	96
0.019325	83
0.01933	105
0.019335	99
0.01934	112
0.019345	101
0.01935	100
0.019355	116
0.01936	99
0.019365	89
0.01937	102
0.019375	98
0.01938	86
0.019385	102
0.01939	92
0.019395	90
0.0194	102
0.019405	109
0.01941	108
0.019415	95
0.01942	92
0.019425	122
0.01943	106
0.019435	105
0.01944	94
0.019445	89
0.01945	101
0.019455	91
0.01946	94
0.019465	106
0.01947	103
0.019475	108
0.01948	119
0.019485	104
0.01949	104
0.019495	94
0.0195	88
0.019505	88
0.01951	103
0.019515	107
0.01952	96
0.019525	94
0.01953	92
0.019535	91
0.01954	97
0.019545	110
0.01955	93
0.019555	102
0.01956	105
0.019565	98
0.01957	93
0.019575	87
0.01958	92
0.019585	99
0.01959	98
0.019595	91
0.0196	97
0.019605	110
0.01961	91
0.019615	115
0.01962	101
0.019625	116
0.01963	117
0.019635	111
0.01964	95
0.019645	76
0.01965	106
0.019655	99
0.01966	99
0.019665	118
0.01967	87
0.019675	95
0.01968	87
0.019685	108
0.01969	88
0.019695	95
0.0197	93
0.019705	115
0.01971	95
0.019715	99
0.01972	107
0.019725	93
0.01973	97
0.019735	92
0.01974	100
0.019745	106
0.01975	110
0.019755	95
0.01976	106
0.019765	86
0.01977	85
0.019775	97
0.01978	108
0.019785	87
0.01979	101
0.019795	96
0.0198	98
0.019805	91
0.01981	89
0.019815	102
0.01982	99
0.019825	102
0.01983	89
0.019835	108
0.01984	96
0.019845	110
0.01985	110
0.019855	112
0.01986	92
0.019865	122
0.01987	83
0.019875	84
0.01988	88
0.019885	90
0.01989	97
0.019895	102
0.0199	103
0.019905	99
0.01991	107
0.019915	98
0.01992	102
0.019925	104
0.01993	97
0.019935	87
0.01994	97
0.019945	95
0.01995	99
0.019955	104
0.01996	88
0.019965	101
0.01997	100
0.019975	97
0.01998	89
0.019985	106
0.01999	86
0.019995	119
