0	5
2.5E-6	9
5E-6	4
7.5E-6	6
1E-5	1
1.25E-5	3
1.5E-5	7
1.75E-5	9
2E-5	0
2.25E-5	6
2.5E-5	5
2.75E-5	13
3E-5	12
3.25E-5	14
3.5E-5	23
3.75E-5	21
4E-5	23
4.25E-5	28
4.5E-5	49
4.75E-5	53
5E-5	46
5.25E-5	62
5.5E-5	51
5.75E-5	45
6E-5	63
6.25E-5	86
6.5E-5	72
6.75E-5	106
7E-5	80
7.25E-5	88
7.5E-5	104
7.75E-5	98
8E-5	136
8.25E-5	124
8.5E-5	129
8.75E-5	142
9E-5	163
9.25E-5	150
9.5E-5	161
9.75E-5	176
1E-4	192
1.025E-4	194
1.05E-4	211
1.075E-4	188
1.1E-4	225
1.125E-4	242
1.15E-4	214
1.175E-4	257
1.2E-4	261
1.225E-4	300
1.25E-4	275
1.275E-4	319
1.3E-4	299
1.325E-4	318
1.35E-4	309
1.375E-4	330
1.4E-4	358
1.425E-4	355
1.45E-4	382
1.475E-4	410
1.5E-4	367
1.525E-4	403
1.55E-4	450
1.575E-4	470
1.6E-4	481
1.625E-4	466
1.65E-4	422
1.675E-4	474
1.7E-4	533
1.725E-4	534
1.75E-4	521
1.775E-4	492
1.8E-4	484
1.825E-4	538
1.85E-4	542
1.875E-4	558
1.9E-4	583
1.925E-4	631
1.95E-4	655
1.975E-4	629
2E-4	658
2.025E-4	675
2.05E-4	641
2.075E-4	629
2.1E-4	715
2.125E-4	690
2.15E-4	722
2.175E-4	789
2.2E-4	691
2.225E-4	783
2.25E-4	803
2.275E-4	811
2.3E-4	809
2.325E-4	830
2.35E-4	880
2.375E-4	854
2.4E-4	859
2.425E-4	888
2.45E-4	937
2.475E-4	984
2.5E-4	908
2.525E-4	904
2.55E-4	934
2.575E-4	905
2.6E-4	1014
2.625E-4	878
2.65E-4	943
2.675E-4	999
2.7E-4	986
2.725E-4	1064
2.75E-4	1082
2.775E-4	1073
2.8E-4	1079
2.825E-4	1082
2.85E-4	1119
2.875E-4	1119
2.9E-4	1149
2.925E-4	1161
2.95E-4	1177
2.975E-4	1183
3E-4	1170
3.025E-4	1165
3.05E-4	1141
3.075E-4	1178
3.1E-4	1192
3.125E-4	1208
3.15E-4	1240
3.175E-4	1303
3.2E-4	1268
3.225E-4	1305
3.25E-4	1320
3.275E-4	1270
3.3E-4	1308
3.325E-4	1318
3.35E-4	1324
3.375E-4	1320
3.4E-4	1364
3.425E-4	1455
3.45E-4	1353
3.475E-4	1445
3.5E-4	1430
3.525E-4	1445
3.55E-4	1424
3.575E-4	1472
3.6E-4	1469
3.625E-4	1405
3.65E-4	1498
3.675E-4	1505
3.7E-4	1574
3.725E-4	1459
3.75E-4	1542
3.775E-4	1547
3.8E-4	1521
3.825E-4	1589
3.85E-4	1628
3.875E-4	1579
3.9E-4	1621
3.925E-4	1651
3.95E-4	1588
3.975E-4	1660
4E-4	1659
4.025E-4	1597
4.05E-4	1639
4.075E-4	1686
4.1E-4	1760
4.125E-4	1709
4.15E-4	1853
4.175E-4	1807
4.2E-4	1740
4.225E-4	1805
4.25E-4	1759
4.275E-4	1694
4.3E-4	1760
4.325E-4	1751
4.35E-4	1778
4.375E-4	1890
4.4E-4	1993
4.425E-4	1996
4.45E-4	1827
4.475E-4	1965
4.5E-4	1910
4.525E-4	1927
4.55E-4	1931
4.575E-4	1895
4.6E-4	1886
4.625E-4	1933
4.65E-4	1963
4.675E-4	1986
4.7E-4	1978
4.725E-4	2050
4.75E-4	1998
4.775E-4	2038
4.8E-4	2140
4.825E-4	1997
4.85E-4	1942
4.875E-4	2188
4.9E-4	2013
4.925E-4	2041
4.95E-4	2056
4.975E-4	2078
5E-4	2104
5.025E-4	1987
5.05E-4	1993
5.075E-4	2169
5.1E-4	2208
5.125E-4	2180
5.15E-4	2074
5.175E-4	2106
5.2E-4	2191
5.225E-4	2095
5.25E-4	2195
5.275E-4	2158
5.3E-4	2083
5.325E-4	2172
5.35E-4	2266
5.375E-4	2281
5.4E-4	2169
5.425E-4	2345
5.45E-4	2356
5.475E-4	2305
5.5E-4	2347
5.525E-4	2242
5.55E-4	2151
5.575E-4	2282
5.6E-4	2287
5.625E-4	2291
5.65E-4	2402
5.675E-4	2287
5.7E-4	2293
5.725E-4	2328
5.75E-4	2308
5.775E-4	2264
5.8E-4	2238
5.825E-4	2423
5.85E-4	2271
5.875E-4	2380
5.9E-4	2405
5.925E-4	2343
5.95E-4	2397
5.975E-4	2396
6E-4	2376
6.025E-4	2482
6.05E-4	2359
6.075E-4	2501
6.1E-4	2503
6.125E-4	2501
6.15E-4	2454
6.175E-4	2483
6.2E-4	2449
6.225E-4	2478
6.25E-4	2489
6.275E-4	2448
6.3E-4	2542
6.325E-4	2418
6.35E-4	2571
6.375E-4	2495
6.4E-4	2435
6.425E-4	2600
6.45E-4	2496
6.475E-4	2504
6.5E-4	2586
6.525E-4	2674
6.55E-4	2448
6.575E-4	2506
6.6E-4	2634
6.625E-4	2592
6.65E-4	2515
6.675E-4	2552
6.7E-4	2644
6.725E-4	2631
6.75E-4	2660
6.775E-4	2556
6.8E-4	2662
6.825E-4	2564
6.85E-4	2676
6.875E-4	2727
6.9E-4	2783
6.925E-4	2619
6.95E-4	2711
6.975E-4	2663
7E-4	2562
7.025E-4	2532
7.05E-4	2632
7.075E-4	2603
7.1E-4	2629
7.125E-4	2706
7.15E-4	2551
7.175E-4	2578
7.2E-4	2736
7.225E-4	2699
7.25E-4	2824
7.275E-4	2764
7.3E-4	2692
7.325E-4	2543
7.35E-4	2666
7.375E-4	2606
7.4E-4	2634
7.425E-4	2619
7.45E-4	2689
7.475E-4	2595
7.5E-4	2679
7.525E-4	2786
7.55E-4	2835
7.575E-4	2770
7.6E-4	2825
7.625E-4	2714
7.65E-4	2699
7.675E-4	2746
7.7E-4	2773
7.725E-4	2694
7.75E-4	2843
7.775E-4	2719
7.8E-4	2643
7.825E-4	2880
7.85E-4	2778
7.875E-4	2785
7.9E-4	2736
7.925E-4	2817
7.95E-4	2798
7.975E-4	2807
8E-4	2753
8.025E-4	2733
8.05E-4	2803
8.075E-4	2735
8.1E-4	2855
8.125E-4	2931
8.15E-4	2754
8.175E-4	2845
8.2E-4	2855
8.225E-4	2752
8.25E-4	2842
8.275E-4	2881
8.3E-4	2746
8.325E-4	2735
8.35E-4	2933
8.375E-4	2854
8.4E-4	2774
8.425E-4	2961
8.45E-4	2828
8.475E-4	2721
8.5E-4	2856
8.525E-4	2849
8.55E-4	2876
8.575E-4	2894
8.6E-4	2729
8.625E-4	2814
8.65E-4	2833
8.675E-4	2814
8.7E-4	2836
8.725E-4	2951
8.75E-4	2958
8.775E-4	2885
8.8E-4	2904
8.825E-4	2756
8.85E-4	2858
8.875E-4	2730
8.9E-4	2790
8.925E-4	2914
8.95E-4	2753
8.975E-4	2830
9E-4	2780
9.025E-4	2910
9.05E-4	2870
9.075E-4	2881
9.1E-4	2786
9.125E-4	2844
9.15E-4	2718
9.175E-4	2809
9.2E-4	2783
9.225E-4	2907
9.25E-4	2859
9.275E-4	2939
9.3E-4	2852
9.325E-4	2801
9.35E-4	2818
9.375E-4	2755
9.4E-4	2775
9.425E-4	2895
9.45E-4	2913
9.475E-4	2929
9.5E-4	2880
9.525E-4	2906
9.55E-4	2846
9.575E-4	2689
9.6E-4	2772
9.625E-4	3008
9.65E-4	2835
9.675E-4	2778
9.7E-4	2929
9.725E-4	2907
9.75E-4	2784
9.775E-4	2830
9.8E-4	2929
9.825E-4	2779
9.85E-4	2833
9.875E-4	2898
9.9E-4	2865
9.925E-4	2726
9.95E-4	2734
9.975E-4	2894
1E-3	2774
0.0010025	2941
0.001005	2740
0.0010075	2814
0.00101	2816
0.0010125	2792
0.001015	2790
0.0010175	2870
0.00102	2812
0.0010225	2849
0.001025	2841
0.0010275	2867
0.00103	2834
0.0010325	2977
0.001035	2900
0.0010375	2934
0.00104	2685
0.0010425	2941
0.001045	2746
0.0010475	2838
0.00105	2814
0.0010525	2959
0.001055	2833
0.0010575	2748
0.00106	2859
0.0010625	2951
0.001065	2765
0.0010675	2880
0.00107	2713
0.0010725	2808
0.001075	2841
0.0010775	2880
0.00108	2867
0.0010825	2813
0.001085	2843
0.0010875	2606
0.00109	2815
0.0010925	2902
0.001095	2790
0.0010975	2669
0.0011	2731
0.0011025	2860
0.001105	2822
0.0011075	2724
0.00111	2847
0.0011125	2847
0.001115	2764
0.0011175	2749
0.00112	2774
0.0011225	2806
0.001125	2897
0.0011275	2821
0.00113	2831
0.0011325	2679
0.001135	2826
0.0011375	2956
0.00114	2788
0.0011425	2850
0.001145	2847
0.0011475	2673
0.00115	2751
0.0011525	2709
0.001155	2810
0.0011575	2666
0.00116	2638
0.0011625	2741
0.001165	2679
0.0011675	2812
0.00117	2768
0.0011725	2717
0.001175	2716
0.0011775	2804
0.00118	2659
0.0011825	2699
0.001185	2706
0.0011875	2739
0.00119	2630
0.0011925	2680
0.001195	2717
0.0011975	2596
0.0012	2630
0.0012025	2641
0.001205	2642
0.0012075	2691
0.00121	2769
0.0012125	2752
0.001215	2707
0.0012175	2711
0.00122	2645
0.0012225	2660
0.001225	2764
0.0012275	2778
0.00123	2742
0.0012325	2717
0.001235	2729
0.0012375	2653
0.00124	2688
0.0012425	2761
0.001245	2723
0.0012475	2731
0.00125	2553
0.0012525	2673
0.001255	2645
0.0012575	2623
0.00126	2599
0.0012625	2617
0.001265	2547
0.0012675	2585
0.00127	2565
0.0012725	2572
0.001275	2734
0.0012775	2679
0.00128	2601
0.0012825	2615
0.001285	2539
0.0012875	2533
0.00129	2583
0.0012925	2508
0.001295	2622
0.0012975	2541
0.0013	2611
0.0013025	2666
0.001305	2711
0.0013075	2601
0.00131	2619
0.0013125	2564
0.001315	2448
0.0013175	2528
0.00132	2567
0.0013225	2578
0.001325	2575
0.0013275	2475
0.00133	2577
0.0013325	2540
0.001335	2556
0.0013375	2706
0.00134	2587
0.0013425	2493
0.001345	2531
0.0013475	2605
0.00135	2505
0.0013525	2641
0.001355	2497
0.0013575	2485
0.00136	2523
0.0013625	2563
0.001365	2540
0.0013675	2504
0.00137	2399
0.0013725	2442
0.001375	2436
0.0013775	2432
0.00138	2556
0.0013825	2515
0.001385	2625
0.0013875	2662
0.00139	2579
0.0013925	2500
0.001395	2466
0.0013975	2420
0.0014	2422
0.0014025	2447
0.001405	2544
0.0014075	2484
0.00141	2483
0.0014125	2505
0.001415	2552
0.0014175	2433
0.00142	2428
0.0014225	2483
0.001425	2509
0.0014275	2615
0.00143	2428
0.0014325	2407
0.001435	2355
0.0014375	2312
0.00144	2474
0.0014425	2537
0.001445	2354
0.0014475	2421
0.00145	2326
0.0014525	2409
0.001455	2354
0.0014575	2440
0.00146	2391
0.0014625	2374
0.001465	2405
0.0014675	2390
0.00147	2314
0.0014725	2398
0.001475	2451
0.0014775	2337
0.00148	2380
0.0014825	2443
0.001485	2274
0.0014875	2392
0.00149	2343
0.0014925	2352
0.001495	2340
0.0014975	2338
0.0015	2337
0.0015025	2336
0.001505	2390
0.0015075	2350
0.00151	2309
0.0015125	2275
0.001515	2332
0.0015175	2426
0.00152	2352
0.0015225	2300
0.001525	2302
0.0015275	2312
0.00153	2324
0.0015325	2174
0.001535	2235
0.0015375	2310
0.00154	2209
0.0015425	2268
0.001545	2383
0.0015475	2354
0.00155	2282
0.0015525	2186
0.001555	2265
0.0015575	2211
0.00156	2275
0.0015625	2226
0.001565	2238
0.0015675	2238
0.00157	2223
0.0015725	2268
0.001575	2372
0.0015775	2204
0.00158	2211
0.0015825	2167
0.001585	2194
0.0015875	2157
0.00159	2195
0.0015925	2067
0.001595	2176
0.0015975	2163
0.0016	2221
0.0016025	2276
0.001605	2117
0.0016075	2185
0.00161	2254
0.0016125	2189
0.001615	2247
0.0016175	2157
0.00162	2079
0.0016225	2199
0.001625	2047
0.0016275	2217
0.00163	2056
0.0016325	2138
0.001635	2091
0.0016375	2037
0.00164	2053
0.0016425	2075
0.001645	2177
0.0016475	2139
0.00165	2188
0.0016525	2153
0.001655	2016
0.0016575	2042
0.00166	2021
0.0016625	2112
0.001665	2023
0.0016675	2107
0.00167	2061
0.0016725	2061
0.001675	2104
0.0016775	2077
0.00168	2042
0.0016825	2161
0.001685	2087
0.0016875	2011
0.00169	2096
0.0016925	1979
0.001695	1997
0.0016975	1993
0.0017	2086
0.0017025	2031
0.001705	1983
0.0017075	2007
0.00171	2074
0.0017125	1930
0.001715	2007
0.0017175	2056
0.00172	1971
0.0017225	2077
0.001725	1939
0.0017275	2039
0.00173	1892
0.0017325	1944
0.001735	2006
0.0017375	1925
0.00174	1898
0.0017425	2022
0.001745	1918
0.0017475	1930
0.00175	1905
0.0017525	1848
0.001755	1970
0.0017575	2024
0.00176	1882
0.0017625	1948
0.001765	2029
0.0017675	1851
0.00177	1884
0.0017725	1952
0.001775	1970
0.0017775	1876
0.00178	1891
0.0017825	1978
0.001785	2075
0.0017875	1978
0.00179	1864
0.0017925	1874
0.001795	1856
0.0017975	1937
0.0018	1888
0.0018025	1782
0.001805	1828
0.0018075	1913
0.00181	1922
0.0018125	1948
0.001815	1849
0.0018175	1830
0.00182	1814
0.0018225	1875
0.001825	1802
0.0018275	1879
0.00183	1887
0.0018325	1858
0.001835	1828
0.0018375	1867
0.00184	1710
0.0018425	1766
0.001845	1768
0.0018475	1751
0.00185	1692
0.0018525	1761
0.001855	1783
0.0018575	1739
0.00186	1810
0.0018625	1801
0.001865	1811
0.0018675	1849
0.00187	1770
0.0018725	1753
0.001875	1815
0.0018775	1736
0.00188	1838
0.0018825	1813
0.001885	1802
0.0018875	1810
0.00189	1795
0.0018925	1780
0.001895	1842
0.0018975	1800
0.0019	1774
0.0019025	1752
0.001905	1604
0.0019075	1796
0.00191	1787
0.0019125	1640
0.001915	1649
0.0019175	1745
0.00192	1726
0.0019225	1689
0.001925	1711
0.0019275	1690
0.00193	1723
0.0019325	1702
0.001935	1618
0.0019375	1750
0.00194	1553
0.0019425	1715
0.001945	1793
0.0019475	1716
0.00195	1750
0.0019525	1720
0.001955	1678
0.0019575	1727
0.00196	1570
0.0019625	1650
0.001965	1718
0.0019675	1714
0.00197	1641
0.0019725	1642
0.001975	1558
0.0019775	1601
0.00198	1680
0.0019825	1698
0.001985	1642
0.0019875	1544
0.00199	1575
0.0019925	1639
0.001995	1609
0.0019975	1635
0.002	1635
0.0020025	1601
0.002005	1640
0.0020075	1589
0.00201	1592
0.0020125	1615
0.002015	1615
0.0020175	1556
0.00202	1498
0.0020225	1541
0.002025	1482
0.0020275	1553
0.00203	1553
0.0020325	1480
0.002035	1522
0.0020375	1536
0.00204	1548
0.0020425	1589
0.002045	1612
0.0020475	1528
0.00205	1546
0.0020525	1510
0.002055	1537
0.0020575	1554
0.00206	1594
0.0020625	1523
0.002065	1554
0.0020675	1470
0.00207	1556
0.0020725	1454
0.002075	1552
0.0020775	1570
0.00208	1506
0.0020825	1421
0.002085	1524
0.0020875	1381
0.00209	1490
0.0020925	1534
0.002095	1509
0.0020975	1488
0.0021	1521
0.0021025	1508
0.002105	1556
0.0021075	1452
0.00211	1430
0.0021125	1455
0.002115	1473
0.0021175	1369
0.00212	1400
0.0021225	1400
0.002125	1354
0.0021275	1521
0.00213	1460
0.0021325	1459
0.002135	1446
0.0021375	1403
0.00214	1402
0.0021425	1348
0.002145	1437
0.0021475	1452
0.00215	1416
0.0021525	1361
0.002155	1437
0.0021575	1406
0.00216	1324
0.0021625	1434
0.002165	1438
0.0021675	1347
0.00217	1397
0.0021725	1411
0.002175	1449
0.0021775	1431
0.00218	1476
0.0021825	1440
0.002185	1381
0.0021875	1327
0.00219	1266
0.0021925	1357
0.002195	1307
0.0021975	1229
0.0022	1449
0.0022025	1371
0.002205	1420
0.0022075	1300
0.00221	1352
0.0022125	1314
0.002215	1298
0.0022175	1271
0.00222	1255
0.0022225	1289
0.002225	1235
0.0022275	1333
0.00223	1354
0.0022325	1319
0.002235	1306
0.0022375	1280
0.00224	1314
0.0022425	1203
0.002245	1258
0.0022475	1323
0.00225	1294
0.0022525	1264
0.002255	1301
0.0022575	1273
0.00226	1269
0.0022625	1272
0.002265	1309
0.0022675	1252
0.00227	1354
0.0022725	1328
0.002275	1303
0.0022775	1324
0.00228	1258
0.0022825	1219
0.002285	1168
0.0022875	1240
0.00229	1192
0.0022925	1182
0.002295	1217
0.0022975	1271
0.0023	1346
0.0023025	1256
0.002305	1182
0.0023075	1261
0.00231	1187
0.0023125	1193
0.002315	1230
0.0023175	1252
0.00232	1256
0.0023225	1315
0.002325	1191
0.0023275	1180
0.00233	1106
0.0023325	1166
0.002335	1176
0.0023375	1216
0.00234	1128
0.0023425	1184
0.002345	1227
0.0023475	1181
0.00235	1113
0.0023525	1099
0.002355	1147
0.0023575	1182
0.00236	1219
0.0023625	1157
0.002365	1159
0.0023675	1238
0.00237	1121
0.0023725	1156
0.002375	1105
0.0023775	1123
0.00238	1151
0.0023825	1242
0.002385	1191
0.0023875	1085
0.00239	1202
0.0023925	1127
0.002395	1128
0.0023975	1123
0.0024	1167
0.0024025	1094
0.002405	1159
0.0024075	1090
0.00241	1116
0.0024125	1103
0.002415	1038
0.0024175	1014
0.00242	1008
0.0024225	1054
0.002425	1049
0.0024275	1090
0.00243	1058
0.0024325	1080
0.002435	1019
0.0024375	1095
0.00244	1076
0.0024425	1178
0.002445	1083
0.0024475	1115
0.00245	1128
0.0024525	1128
0.002455	1088
0.0024575	1004
0.00246	1049
0.0024625	1093
0.002465	1117
0.0024675	1000
0.00247	1009
0.0024725	964
0.002475	1036
0.0024775	1005
0.00248	1092
0.0024825	1024
0.002485	1024
0.0024875	1099
0.00249	1016
0.0024925	1061
0.002495	1057
0.0024975	1055
0.0025	1029
0.0025025	1046
0.002505	973
0.0025075	962
0.00251	962
0.0025125	928
0.002515	1020
0.0025175	920
0.00252	985
0.0025225	982
0.002525	934
0.0025275	913
0.00253	954
0.0025325	1012
0.002535	1013
0.0025375	902
0.00254	969
0.0025425	956
0.002545	983
0.0025475	953
0.00255	971
0.0025525	919
0.002555	949
0.0025575	972
0.00256	1008
0.0025625	945
0.002565	942
0.0025675	1014
0.00257	1016
0.0025725	882
0.002575	927
0.0025775	906
0.00258	947
0.0025825	1005
0.002585	920
0.0025875	979
0.00259	958
0.0025925	956
0.002595	953
0.0025975	918
0.0026	942
0.0026025	872
0.002605	957
0.0026075	910
0.00261	920
0.0026125	968
0.002615	927
0.0026175	890
0.00262	947
0.0026225	830
0.002625	950
0.0026275	941
0.00263	895
0.0026325	865
0.002635	963
0.0026375	915
0.00264	917
0.0026425	913
0.002645	878
0.0026475	844
0.00265	872
0.0026525	883
0.002655	880
0.0026575	933
0.00266	892
0.0026625	890
0.002665	887
0.0026675	906
0.00267	795
0.0026725	817
0.002675	915
0.0026775	812
0.00268	828
0.0026825	849
0.002685	866
0.0026875	866
0.00269	815
0.0026925	851
0.002695	843
0.0026975	803
0.0027	859
0.0027025	823
0.002705	856
0.0027075	812
0.00271	812
0.0027125	740
0.002715	836
0.0027175	830
0.00272	784
0.0027225	780
0.002725	837
0.0027275	814
0.00273	770
0.0027325	766
0.002735	771
0.0027375	790
0.00274	855
0.0027425	797
0.002745	832
0.0027475	786
0.00275	816
0.0027525	782
0.002755	828
0.0027575	806
0.00276	846
0.0027625	801
0.002765	751
0.0027675	783
0.00277	799
0.0027725	748
0.002775	778
0.0027775	761
0.00278	749
0.0027825	734
0.002785	806
0.0027875	735
0.00279	709
0.0027925	763
0.002795	690
0.0027975	745
0.0028	747
0.0028025	755
0.002805	749
0.0028075	786
0.00281	727
0.0028125	713
0.002815	745
0.0028175	746
0.00282	708
0.0028225	725
0.002825	734
0.0028275	734
0.00283	727
0.0028325	741
0.002835	723
0.0028375	712
0.00284	657
0.0028425	742
0.002845	773
0.0028475	680
0.00285	704
0.0028525	795
0.002855	781
0.0028575	688
0.00286	751
0.0028625	694
0.002865	760
0.0028675	721
0.00287	718
0.0028725	762
0.002875	696
0.0028775	650
0.00288	724
0.0028825	751
0.002885	671
0.0028875	693
0.00289	722
0.0028925	684
0.002895	684
0.0028975	684
0.0029	664
0.0029025	675
0.002905	698
0.0029075	686
0.00291	674
0.0029125	668
0.002915	711
0.0029175	656
0.00292	683
0.0029225	656
0.002925	657
0.0029275	668
0.00293	657
0.0029325	670
0.002935	650
0.0029375	686
0.00294	630
0.0029425	697
0.002945	692
0.0029475	705
0.00295	681
0.0029525	662
0.002955	653
0.0029575	568
0.00296	611
0.0029625	649
0.002965	633
0.0029675	678
0.00297	601
0.0029725	642
0.002975	634
0.0029775	616
0.00298	671
0.0029825	632
0.002985	611
0.0029875	678
0.00299	637
0.0029925	640
0.002995	614
0.0029975	647
0.003	567
0.0030025	626
0.003005	582
0.0030075	644
0.00301	553
0.0030125	615
0.003015	698
0.0030175	623
0.00302	594
0.0030225	577
0.003025	568
0.0030275	616
0.00303	555
0.0030325	608
0.003035	638
0.0030375	660
0.00304	591
0.0030425	562
0.003045	573
0.0030475	590
0.00305	661
0.0030525	614
0.003055	588
0.0030575	661
0.00306	577
0.0030625	519
0.003065	548
0.0030675	542
0.00307	584
0.0030725	557
0.003075	562
0.0030775	582
0.00308	624
0.0030825	551
0.003085	629
0.0030875	576
0.00309	571
0.0030925	625
0.003095	555
0.0030975	563
0.0031	539
0.0031025	531
0.003105	623
0.0031075	587
0.00311	526
0.0031125	523
0.003115	561
0.0031175	590
0.00312	540
0.0031225	545
0.003125	544
0.0031275	527
0.00313	573
0.0031325	543
0.003135	561
0.0031375	584
0.00314	548
0.0031425	505
0.003145	524
0.0031475	528
0.00315	553
0.0031525	576
0.003155	538
0.0031575	539
0.00316	489
0.0031625	510
0.003165	452
0.0031675	529
0.00317	499
0.0031725	583
0.003175	510
0.0031775	545
0.00318	498
0.0031825	545
0.003185	456
0.0031875	553
0.00319	509
0.0031925	523
0.003195	559
0.0031975	510
0.0032	500
0.0032025	494
0.003205	457
0.0032075	488
0.00321	422
0.0032125	478
0.003215	528
0.0032175	450
0.00322	479
0.0032225	454
0.003225	463
0.0032275	459
0.00323	487
0.0032325	464
0.003235	497
0.0032375	483
0.00324	490
0.0032425	454
0.003245	492
0.0032475	463
0.00325	497
0.0032525	427
0.003255	419
0.0032575	482
0.00326	408
0.0032625	444
0.003265	451
0.0032675	418
0.00327	455
0.0032725	455
0.003275	463
0.0032775	516
0.00328	449
0.0032825	504
0.003285	498
0.0032875	469
0.00329	473
0.0032925	454
0.003295	405
0.0032975	468
0.0033	430
0.0033025	456
0.003305	444
0.0033075	460
0.00331	431
0.0033125	444
0.003315	447
0.0033175	479
0.00332	400
0.0033225	454
0.003325	458
0.0033275	504
0.00333	438
0.0033325	457
0.003335	406
0.0033375	455
0.00334	416
0.0033425	439
0.003345	416
0.0033475	418
0.00335	468
0.0033525	451
0.003355	385
0.0033575	402
0.00336	451
0.0033625	391
0.003365	410
0.0033675	435
0.00337	364
0.0033725	453
0.003375	419
0.0033775	424
0.00338	406
0.0033825	463
0.003385	440
0.0033875	428
0.00339	425
0.0033925	371
0.003395	387
0.0033975	327
0.0034	411
0.0034025	366
0.003405	381
0.0034075	351
0.00341	405
0.0034125	356
0.003415	422
0.0034175	421
0.00342	398
0.0034225	376
0.003425	382
0.0034275	368
0.00343	348
0.0034325	356
0.003435	352
0.0034375	388
0.00344	422
0.0034425	350
0.003445	370
0.0034475	354
0.00345	395
0.0034525	405
0.003455	355
0.0034575	359
0.00346	423
0.0034625	376
0.003465	366
0.0034675	376
0.00347	413
0.0034725	388
0.003475	381
0.0034775	384
0.00348	350
0.0034825	371
0.003485	387
0.0034875	361
0.00349	359
0.0034925	348
0.003495	363
0.0034975	348
0.0035	394
0.0035025	373
0.003505	353
0.0035075	390
0.00351	337
0.0035125	378
0.003515	351
0.0035175	397
0.00352	354
0.0035225	330
0.003525	339
0.0035275	402
0.00353	355
0.0035325	347
0.003535	378
0.0035375	322
0.00354	329
0.0035425	335
0.003545	386
0.0035475	340
0.00355	365
0.0035525	355
0.003555	335
0.0035575	353
0.00356	343
0.0035625	359
0.003565	323
0.0035675	345
0.00357	365
0.0035725	339
0.003575	356
0.0035775	342
0.00358	340
0.0035825	295
0.003585	341
0.0035875	342
0.00359	364
0.0035925	306
0.003595	328
0.0035975	352
0.0036	312
0.0036025	332
0.003605	281
0.0036075	385
0.00361	308
0.0036125	275
0.003615	333
0.0036175	296
0.00362	334
0.0036225	293
0.003625	310
0.0036275	350
0.00363	259
0.0036325	299
0.003635	298
0.0036375	321
0.00364	261
0.0036425	302
0.003645	299
0.0036475	308
0.00365	311
0.0036525	302
0.003655	287
0.0036575	288
0.00366	350
0.0036625	298
0.003665	284
0.0036675	296
0.00367	306
0.0036725	304
0.003675	295
0.0036775	283
0.00368	318
0.0036825	264
0.003685	302
0.0036875	277
0.00369	308
0.0036925	328
0.003695	286
0.0036975	291
0.0037	297
0.0037025	277
0.003705	311
0.0037075	289
0.00371	289
0.0037125	257
0.003715	288
0.0037175	319
0.00372	237
0.0037225	295
0.003725	285
0.0037275	254
0.00373	278
0.0037325	302
0.003735	276
0.0037375	282
0.00374	294
0.0037425	351
0.003745	256
0.0037475	269
0.00375	253
0.0037525	289
0.003755	269
0.0037575	304
0.00376	283
0.0037625	251
0.003765	239
0.0037675	273
0.00377	261
0.0037725	265
0.003775	254
0.0037775	291
0.00378	257
0.0037825	286
0.003785	264
0.0037875	246
0.00379	230
0.0037925	296
0.003795	262
0.0037975	259
0.0038	252
0.0038025	311
0.003805	284
0.0038075	245
0.00381	269
0.0038125	265
0.003815	265
0.0038175	219
0.00382	233
0.0038225	249
0.003825	241
0.0038275	247
0.00383	231
0.0038325	253
0.003835	235
0.0038375	207
0.00384	248
0.0038425	252
0.003845	266
0.0038475	285
0.00385	259
0.0038525	229
0.003855	270
0.0038575	242
0.00386	254
0.0038625	223
0.003865	253
0.0038675	249
0.00387	214
0.0038725	236
0.003875	240
0.0038775	220
0.00388	226
0.0038825	231
0.003885	194
0.0038875	230
0.00389	219
0.0038925	240
0.003895	255
0.0038975	218
0.0039	217
0.0039025	245
0.003905	238
0.0039075	229
0.00391	258
0.0039125	237
0.003915	218
0.0039175	218
0.00392	233
0.0039225	218
0.003925	223
0.0039275	242
0.00393	249
0.0039325	254
0.003935	269
0.0039375	219
0.00394	227
0.0039425	235
0.003945	196
0.0039475	238
0.00395	193
0.0039525	224
0.003955	227
0.0039575	211
0.00396	234
0.0039625	219
0.003965	204
0.0039675	167
0.00397	204
0.0039725	253
0.003975	187
0.0039775	210
0.00398	207
0.0039825	192
0.003985	227
0.0039875	194
0.00399	214
0.0039925	205
0.003995	217
0.0039975	236
0.004	209
0.0040025	185
0.004005	204
0.0040075	210
0.00401	254
0.0040125	218
0.004015	214
0.0040175	206
0.00402	200
0.0040225	213
0.004025	188
0.0040275	178
0.00403	216
0.0040325	206
0.004035	202
0.0040375	221
0.00404	180
0.0040425	193
0.004045	182
0.0040475	176
0.00405	203
0.0040525	234
0.004055	203
0.0040575	183
0.00406	173
0.0040625	168
0.004065	207
0.0040675	210
0.00407	161
0.0040725	201
0.004075	207
0.0040775	175
0.00408	170
0.0040825	181
0.004085	180
0.0040875	193
0.00409	187
0.0040925	222
0.004095	200
0.0040975	182
0.0041	139
0.0041025	186
0.004105	207
0.0041075	173
0.00411	181
0.0041125	178
0.004115	157
0.0041175	184
0.00412	178
0.0041225	198
0.004125	141
0.0041275	187
0.00413	165
0.0041325	173
0.004135	172
0.0041375	200
0.00414	172
0.0041425	171
0.004145	159
0.0041475	149
0.00415	196
0.0041525	184
0.004155	173
0.0041575	223
0.00416	199
0.0041625	168
0.004165	156
0.0041675	172
0.00417	157
0.0041725	164
0.004175	163
0.0041775	150
0.00418	170
0.0041825	167
0.004185	166
0.0041875	201
0.00419	180
0.0041925	191
0.004195	177
0.0041975	160
0.0042	159
0.0042025	167
0.004205	143
0.0042075	170
0.00421	163
0.0042125	177
0.004215	179
0.0042175	155
0.00422	166
0.0042225	141
0.004225	129
0.0042275	152
0.00423	176
0.0042325	151
0.004235	167
0.0042375	166
0.00424	129
0.0042425	164
0.004245	135
0.0042475	152
0.00425	152
0.0042525	141
0.004255	181
0.0042575	176
0.00426	200
0.0042625	176
0.004265	163
0.0042675	165
0.00427	177
0.0042725	153
0.004275	146
0.0042775	148
0.00428	156
0.0042825	160
0.004285	123
0.0042875	139
0.00429	166
0.0042925	141
0.004295	128
0.0042975	153
0.0043	141
0.0043025	141
0.004305	167
0.0043075	148
0.00431	148
0.0043125	147
0.004315	158
0.0043175	134
0.00432	134
0.0043225	146
0.004325	147
0.0043275	151
0.00433	157
0.0043325	165
0.004335	138
0.0043375	119
0.00434	120
0.0043425	118
0.004345	118
0.0043475	116
0.00435	109
0.0043525	136
0.004355	142
0.0043575	113
0.00436	112
0.0043625	135
0.004365	121
0.0043675	147
0.00437	121
0.0043725	102
0.004375	158
0.0043775	107
0.00438	118
0.0043825	134
0.004385	141
0.0043875	125
0.00439	160
0.0043925	137
0.004395	131
0.0043975	130
0.0044	130
0.0044025	123
0.004405	107
0.0044075	124
0.00441	141
0.0044125	117
0.004415	123
0.0044175	147
0.00442	118
0.0044225	119
0.004425	114
0.0044275	130
0.00443	108
0.0044325	133
0.004435	103
0.0044375	118
0.00444	124
0.0044425	103
0.004445	122
0.0044475	129
0.00445	126
0.0044525	118
0.004455	110
0.0044575	110
0.00446	136
0.0044625	123
0.004465	112
0.0044675	142
0.00447	104
0.0044725	129
0.004475	120
0.0044775	113
0.00448	127
0.0044825	106
0.004485	125
0.0044875	119
0.00449	91
0.0044925	148
0.004495	115
0.0044975	108
0.0045	110
0.0045025	98
0.004505	103
0.0045075	129
0.00451	92
0.0045125	104
0.004515	106
0.0045175	104
0.00452	128
0.0045225	93
0.004525	91
0.0045275	112
0.00453	121
0.0045325	101
0.004535	100
0.0045375	95
0.00454	102
0.0045425	109
0.004545	104
0.0045475	110
0.00455	97
0.0045525	102
0.004555	98
0.0045575	97
0.00456	127
0.0045625	113
0.004565	104
0.0045675	94
0.00457	92
0.0045725	94
0.004575	106
0.0045775	103
0.00458	88
0.0045825	83
0.004585	105
0.0045875	62
0.00459	84
0.0045925	114
0.004595	91
0.0045975	117
0.0046	116
0.0046025	119
0.004605	126
0.0046075	125
0.00461	119
0.0046125	110
0.004615	90
0.0046175	116
0.00462	117
0.0046225	105
0.004625	83
0.0046275	103
0.00463	101
0.0046325	123
0.004635	83
0.0046375	96
0.00464	90
0.0046425	98
0.004645	109
0.0046475	95
0.00465	109
0.0046525	110
0.004655	71
0.0046575	80
0.00466	103
0.0046625	92
0.004665	84
0.0046675	88
0.00467	87
0.0046725	91
0.004675	96
0.0046775	94
0.00468	85
0.0046825	83
0.004685	85
0.0046875	88
0.00469	92
0.0046925	87
0.004695	81
0.0046975	80
0.0047	84
0.0047025	74
0.004705	99
0.0047075	87
0.00471	97
0.0047125	81
0.004715	90
0.0047175	93
0.00472	102
0.0047225	112
0.004725	91
0.0047275	99
0.00473	84
0.0047325	76
0.004735	67
0.0047375	90
0.00474	97
0.0047425	89
0.004745	71
0.0047475	95
0.00475	101
0.0047525	88
0.004755	83
0.0047575	77
0.00476	90
0.0047625	73
0.004765	85
0.0047675	82
0.00477	93
0.0047725	72
0.004775	71
0.0047775	73
0.00478	90
0.0047825	73
0.004785	79
0.0047875	99
0.00479	84
0.0047925	74
0.004795	82
0.0047975	79
0.0048	71
0.0048025	87
0.004805	80
0.0048075	84
0.00481	61
0.0048125	79
0.004815	70
0.0048175	115
0.00482	75
0.0048225	65
0.004825	57
0.0048275	88
0.00483	92
0.0048325	79
0.004835	78
0.0048375	86
0.00484	74
0.0048425	76
0.004845	63
0.0048475	70
0.00485	71
0.0048525	64
0.004855	71
0.0048575	76
0.00486	77
0.0048625	65
0.004865	68
0.0048675	63
0.00487	90
0.0048725	84
0.004875	65
0.0048775	82
0.00488	66
0.0048825	79
0.004885	76
0.0048875	53
0.00489	68
0.0048925	71
0.004895	80
0.0048975	74
0.0049	68
0.0049025	74
0.004905	64
0.0049075	75
0.00491	82
0.0049125	58
0.004915	85
0.0049175	61
0.00492	60
0.0049225	80
0.004925	67
0.0049275	56
0.00493	50
0.0049325	63
0.004935	60
0.0049375	45
0.00494	67
0.0049425	53
0.004945	72
0.0049475	72
0.00495	74
0.0049525	66
0.004955	69
0.0049575	54
0.00496	68
0.0049625	65
0.004965	51
0.0049675	51
0.00497	62
0.0049725	66
0.004975	60
0.0049775	59
0.00498	60
0.0049825	56
0.004985	62
0.0049875	53
0.00499	65
0.0049925	66
0.004995	53
0.0049975	59
0.005	84
0.0050025	56
0.005005	59
0.0050075	74
0.00501	51
0.0050125	74
0.005015	57
0.0050175	50
0.00502	56
0.0050225	57
0.005025	64
0.0050275	53
0.00503	44
0.0050325	73
0.005035	66
0.0050375	74
0.00504	65
0.0050425	53
0.005045	78
0.0050475	55
0.00505	66
0.0050525	60
0.005055	46
0.0050575	55
0.00506	61
0.0050625	37
0.005065	44
0.0050675	53
0.00507	36
0.0050725	60
0.005075	67
0.0050775	46
0.00508	46
0.0050825	56
0.005085	46
0.0050875	57
0.00509	54
0.0050925	48
0.005095	46
0.0050975	56
0.0051	58
0.0051025	59
0.005105	48
0.0051075	38
0.00511	48
0.0051125	41
0.005115	46
0.0051175	35
0.00512	45
0.0051225	43
0.005125	49
0.0051275	56
0.00513	51
0.0051325	60
0.005135	39
0.0051375	55
0.00514	57
0.0051425	68
0.005145	61
0.0051475	65
0.00515	61
0.0051525	51
0.005155	43
0.0051575	36
0.00516	57
0.0051625	36
0.005165	42
0.0051675	32
0.00517	55
0.0051725	58
0.005175	56
0.0051775	39
0.00518	57
0.0051825	48
0.005185	47
0.0051875	43
0.00519	56
0.0051925	50
0.005195	32
0.0051975	60
0.0052	50
0.0052025	49
0.005205	70
0.0052075	34
0.00521	38
0.0052125	45
0.005215	46
0.0052175	46
0.00522	47
0.0052225	37
0.005225	45
0.0052275	68
0.00523	60
0.0052325	38
0.005235	35
0.0052375	34
0.00524	54
0.0052425	42
0.005245	38
0.0052475	57
0.00525	38
0.0052525	49
0.005255	47
0.0052575	46
0.00526	47
0.0052625	42
0.005265	46
0.0052675	38
0.00527	55
0.0052725	33
0.005275	40
0.0052775	36
0.00528	26
0.0052825	42
0.005285	31
0.0052875	37
0.00529	36
0.0052925	52
0.005295	32
0.0052975	37
0.0053	38
0.0053025	49
0.005305	41
0.0053075	36
0.00531	38
0.0053125	36
0.005315	49
0.0053175	52
0.00532	39
0.0053225	45
0.005325	30
0.0053275	53
0.00533	43
0.0053325	42
0.005335	42
0.0053375	40
0.00534	45
0.0053425	18
0.005345	36
0.0053475	54
0.00535	39
0.0053525	42
0.005355	42
0.0053575	34
0.00536	38
0.0053625	49
0.005365	49
0.0053675	57
0.00537	37
0.0053725	39
0.005375	50
0.0053775	41
0.00538	50
0.0053825	38
0.005385	34
0.0053875	32
0.00539	30
0.0053925	36
0.005395	33
0.0053975	43
0.0054	24
0.0054025	44
0.005405	33
0.0054075	41
0.00541	31
0.0054125	29
0.005415	43
0.0054175	38
0.00542	30
0.0054225	34
0.005425	42
0.0054275	43
0.00543	31
0.0054325	34
0.005435	41
0.0054375	45
0.00544	41
0.0054425	34
0.005445	30
0.0054475	44
0.00545	30
0.0054525	45
0.005455	30
0.0054575	36
0.00546	31
0.0054625	42
0.005465	26
0.0054675	25
0.00547	34
0.0054725	25
0.005475	25
0.0054775	52
0.00548	38
0.0054825	27
0.005485	36
0.0054875	34
0.00549	24
0.0054925	47
0.005495	44
0.0054975	29
0.0055	44
0.0055025	21
0.005505	21
0.0055075	34
0.00551	49
0.0055125	23
0.005515	33
0.0055175	34
0.00552	18
0.0055225	38
0.005525	27
0.0055275	24
0.00553	36
0.0055325	11
0.005535	25
0.0055375	49
0.00554	40
0.0055425	30
0.005545	35
0.0055475	35
0.00555	31
0.0055525	21
0.005555	15
0.0055575	31
0.00556	23
0.0055625	22
0.005565	21
0.0055675	34
0.00557	28
0.0055725	30
0.005575	42
0.0055775	38
0.00558	24
0.0055825	29
0.005585	40
0.0055875	29
0.00559	16
0.0055925	17
0.005595	31
0.0055975	17
0.0056	20
0.0056025	33
0.005605	30
0.0056075	20
0.00561	26
0.0056125	25
0.005615	46
0.0056175	32
0.00562	38
0.0056225	24
0.005625	28
0.0056275	21
0.00563	31
0.0056325	38
0.005635	23
0.0056375	37
0.00564	33
0.0056425	23
0.005645	23
0.0056475	22
0.00565	16
0.0056525	26
0.005655	35
0.0056575	30
0.00566	18
0.0056625	29
0.005665	24
0.0056675	16
0.00567	22
0.0056725	15
0.005675	15
0.0056775	22
0.00568	24
0.0056825	26
0.005685	21
0.0056875	21
0.00569	19
0.0056925	18
0.005695	34
0.0056975	16
0.0057	24
0.0057025	36
0.005705	20
0.0057075	20
0.00571	26
0.0057125	12
0.005715	12
0.0057175	15
0.00572	30
0.0057225	23
0.005725	40
0.0057275	25
0.00573	19
0.0057325	20
0.005735	30
0.0057375	29
0.00574	30
0.0057425	24
0.005745	25
0.0057475	36
0.00575	23
0.0057525	18
0.005755	24
0.0057575	21
0.00576	20
0.0057625	37
0.005765	22
0.0057675	19
0.00577	18
0.0057725	24
0.005775	28
0.0057775	23
0.00578	23
0.0057825	17
0.005785	26
0.0057875	22
0.00579	22
0.0057925	31
0.005795	24
0.0057975	14
0.0058	11
0.0058025	6
0.005805	21
0.0058075	25
0.00581	23
0.0058125	6
0.005815	31
0.0058175	21
0.00582	19
0.0058225	29
0.005825	16
0.0058275	12
0.00583	24
0.0058325	27
0.005835	21
0.0058375	17
0.00584	27
0.0058425	25
0.005845	25
0.0058475	28
0.00585	20
0.0058525	22
0.005855	19
0.0058575	15
0.00586	15
0.0058625	29
0.005865	26
0.0058675	23
0.00587	28
0.0058725	16
0.005875	22
0.0058775	16
0.00588	23
0.0058825	18
0.005885	21
0.0058875	25
0.00589	19
0.0058925	18
0.005895	20
0.0058975	16
0.0059	29
0.0059025	17
0.005905	19
0.0059075	17
0.00591	17
0.0059125	16
0.005915	9
0.0059175	15
0.00592	19
0.0059225	16
0.005925	22
0.0059275	23
0.00593	24
0.0059325	25
0.005935	19
0.0059375	29
0.00594	17
0.0059425	13
0.005945	16
0.0059475	20
0.00595	22
0.0059525	13
0.005955	13
0.0059575	20
0.00596	15
0.0059625	25
0.005965	26
0.0059675	22
0.00597	10
0.0059725	23
0.005975	22
0.0059775	19
0.00598	30
0.0059825	29
0.005985	21
0.0059875	16
0.00599	15
0.0059925	18
0.005995	12
0.0059975	15
0.006	22
0.0060025	9
0.006005	17
0.0060075	13
0.00601	10
0.0060125	16
0.006015	20
0.0060175	17
0.00602	38
0.0060225	19
0.006025	14
0.0060275	21
0.00603	20
0.0060325	15
0.006035	22
0.0060375	21
0.00604	12
0.0060425	8
0.006045	11
0.0060475	14
0.00605	6
0.0060525	13
0.006055	20
0.0060575	18
0.00606	15
0.0060625	13
0.006065	14
0.0060675	16
0.00607	12
0.0060725	13
0.006075	24
0.0060775	12
0.00608	9
0.0060825	20
0.006085	24
0.0060875	11
0.00609	14
0.0060925	11
0.006095	7
0.0060975	8
0.0061	23
0.0061025	23
0.006105	17
0.0061075	14
0.00611	10
0.0061125	15
0.006115	14
0.0061175	8
0.00612	26
0.0061225	19
0.006125	14
0.0061275	19
0.00613	15
0.0061325	9
0.006135	13
0.0061375	14
0.00614	9
0.0061425	4
0.006145	11
0.0061475	19
0.00615	13
0.0061525	18
0.006155	16
0.0061575	8
0.00616	21
0.0061625	19
0.006165	24
0.0061675	16
0.00617	4
0.0061725	12
0.006175	14
0.0061775	20
0.00618	24
0.0061825	14
0.006185	15
0.0061875	11
0.00619	10
0.0061925	13
0.006195	18
0.0061975	20
0.0062	13
0.0062025	15
0.006205	11
0.0062075	16
0.00621	28
0.0062125	16
0.006215	12
0.0062175	13
0.00622	18
0.0062225	8
0.006225	7
0.0062275	11
0.00623	11
0.0062325	16
0.006235	14
0.0062375	23
0.00624	15
0.0062425	5
0.006245	15
0.0062475	13
0.00625	18
0.0062525	25
0.006255	6
0.0062575	16
0.00626	12
0.0062625	9
0.006265	8
0.0062675	7
0.00627	11
0.0062725	8
0.006275	15
0.0062775	11
0.00628	14
0.0062825	10
0.006285	11
0.0062875	18
0.00629	18
0.0062925	14
0.006295	8
0.0062975	22
0.0063	19
0.0063025	22
0.006305	11
0.0063075	18
0.00631	20
0.0063125	10
0.006315	20
0.0063175	19
0.00632	13
0.0063225	5
0.006325	6
0.0063275	16
0.00633	10
0.0063325	25
0.006335	7
0.0063375	7
0.00634	10
0.0063425	13
0.006345	9
0.0063475	4
0.00635	15
0.0063525	7
0.006355	8
0.0063575	17
0.00636	19
0.0063625	14
0.006365	8
0.0063675	11
0.00637	12
0.0063725	19
0.006375	8
0.0063775	11
0.00638	11
0.0063825	7
0.006385	11
0.0063875	6
0.00639	11
0.0063925	11
0.006395	15
0.0063975	11
0.0064	12
0.0064025	21
0.006405	9
0.0064075	21
0.00641	8
0.0064125	13
0.006415	10
0.0064175	18
0.00642	12
0.0064225	8
0.006425	11
0.0064275	4
0.00643	14
0.0064325	13
0.006435	8
0.0064375	11
0.00644	7
0.0064425	14
0.006445	10
0.0064475	18
0.00645	10
0.0064525	20
0.006455	8
0.0064575	10
0.00646	15
0.0064625	10
0.006465	12
0.0064675	20
0.00647	13
0.0064725	14
0.006475	15
0.0064775	13
0.00648	9
0.0064825	7
0.006485	10
0.0064875	2
0.00649	10
0.0064925	6
0.006495	11
0.0064975	8
0.0065	9
0.0065025	10
0.006505	11
0.0065075	23
0.00651	20
0.0065125	7
0.006515	9
0.0065175	11
0.00652	10
0.0065225	10
0.006525	11
0.0065275	10
0.00653	8
0.0065325	6
0.006535	14
0.0065375	9
0.00654	9
0.0065425	5
0.006545	10
0.0065475	9
0.00655	20
0.0065525	13
0.006555	15
0.0065575	13
0.00656	6
0.0065625	5
0.006565	13
0.0065675	5
0.00657	3
0.0065725	9
0.006575	8
0.0065775	5
0.00658	14
0.0065825	8
0.006585	7
0.0065875	8
0.00659	13
0.0065925	12
0.006595	10
0.0065975	9
0.0066	7
0.0066025	5
0.006605	12
0.0066075	8
0.00661	18
0.0066125	9
0.006615	4
0.0066175	11
0.00662	10
0.0066225	6
0.006625	14
0.0066275	12
0.00663	7
0.0066325	9
0.006635	7
0.0066375	9
0.00664	10
0.0066425	20
0.006645	15
0.0066475	12
0.00665	7
0.0066525	9
0.006655	11
0.0066575	3
0.00666	6
0.0066625	2
0.006665	8
0.0066675	18
0.00667	4
0.0066725	2
0.006675	10
0.0066775	9
0.00668	12
0.0066825	4
0.006685	5
0.0066875	6
0.00669	10
0.0066925	4
0.006695	8
0.0066975	8
0.0067	7
0.0067025	6
0.006705	6
0.0067075	7
0.00671	3
0.0067125	10
0.006715	6
0.0067175	11
0.00672	7
0.0067225	9
0.006725	12
0.0067275	7
0.00673	16
0.0067325	5
0.006735	11
0.0067375	14
0.00674	13
0.0067425	9
0.006745	14
0.0067475	10
0.00675	8
0.0067525	11
0.006755	15
0.0067575	13
0.00676	6
0.0067625	5
0.006765	4
0.0067675	11
0.00677	13
0.0067725	11
0.006775	10
0.0067775	12
0.00678	9
0.0067825	17
0.006785	16
0.0067875	9
0.00679	9
0.0067925	7
0.006795	11
0.0067975	5
0.0068	2
0.0068025	6
0.006805	6
0.0068075	6
0.00681	4
0.0068125	8
0.006815	6
0.0068175	8
0.00682	7
0.0068225	8
0.006825	6
0.0068275	4
0.00683	6
0.0068325	5
0.006835	9
0.0068375	6
0.00684	7
0.0068425	5
0.006845	2
0.0068475	6
0.00685	16
0.0068525	6
0.006855	4
0.0068575	6
0.00686	5
0.0068625	3
0.006865	9
0.0068675	17
0.00687	17
0.0068725	4
0.006875	8
0.0068775	11
0.00688	9
0.0068825	3
0.006885	14
0.0068875	14
0.00689	9
0.0068925	7
0.006895	8
0.0068975	6
0.0069	11
0.0069025	9
0.006905	8
0.0069075	10
0.00691	2
0.0069125	9
0.006915	6
0.0069175	7
0.00692	10
0.0069225	3
0.006925	8
0.0069275	8
0.00693	11
0.0069325	5
0.006935	4
0.0069375	10
0.00694	3
0.0069425	10
0.006945	11
0.0069475	9
0.00695	7
0.0069525	15
0.006955	13
0.0069575	6
0.00696	11
0.0069625	24
0.006965	24
0.0069675	4
0.00697	12
0.0069725	7
0.006975	13
0.0069775	9
0.00698	5
0.0069825	10
0.006985	3
0.0069875	6
0.00699	5
0.0069925	6
0.006995	3
0.0069975	4
0.007	6
0.0070025	4
0.007005	6
0.0070075	11
0.00701	17
0.0070125	5
0.007015	5
0.0070175	10
0.00702	13
0.0070225	6
0.007025	8
0.0070275	7
0.00703	4
0.0070325	2
0.007035	5
0.0070375	8
0.00704	12
0.0070425	15
0.007045	6
0.0070475	12
0.00705	12
0.0070525	6
0.007055	10
0.0070575	5
0.00706	14
0.0070625	4
0.007065	9
0.0070675	11
0.00707	4
0.0070725	8
0.007075	6
0.0070775	8
0.00708	3
0.0070825	10
0.007085	2
0.0070875	5
0.00709	1
0.0070925	12
0.007095	11
0.0070975	10
0.0071	11
0.0071025	7
0.007105	2
0.0071075	3
0.00711	2
0.0071125	5
0.007115	5
0.0071175	9
0.00712	3
0.0071225	1
0.007125	5
0.0071275	10
0.00713	8
0.0071325	2
0.007135	3
0.0071375	8
0.00714	4
0.0071425	0
0.007145	1
0.0071475	9
0.00715	8
0.0071525	0
0.007155	3
0.0071575	2
0.00716	3
0.0071625	7
0.007165	4
0.0071675	10
0.00717	1
0.0071725	9
0.007175	1
0.0071775	3
0.00718	9
0.0071825	5
0.007185	11
0.0071875	3
0.00719	16
0.0071925	19
0.007195	7
0.0071975	13
0.0072	5
0.0072025	14
0.007205	4
0.0072075	5
0.00721	10
0.0072125	5
0.007215	3
0.0072175	5
0.00722	5
0.0072225	3
0.007225	6
0.0072275	3
0.00723	4
0.0072325	2
0.007235	7
0.0072375	2
0.00724	6
0.0072425	2
0.007245	5
0.0072475	10
0.00725	8
0.0072525	5
0.007255	8
0.0072575	7
0.00726	6
0.0072625	6
0.007265	4
0.0072675	6
0.00727	3
0.0072725	1
0.007275	6
0.0072775	7
0.00728	1
0.0072825	8
0.007285	9
0.0072875	17
0.00729	10
0.0072925	4
0.007295	6
0.0072975	4
0.0073	11
0.0073025	3
0.007305	7
0.0073075	6
0.00731	6
0.0073125	4
0.007315	8
0.0073175	5
0.00732	2
0.0073225	6
0.007325	14
0.0073275	6
0.00733	4
0.0073325	9
0.007335	9
0.0073375	4
0.00734	4
0.0073425	4
0.007345	3
0.0073475	6
0.00735	2
0.0073525	2
0.007355	3
0.0073575	10
0.00736	13
0.0073625	23
0.007365	3
0.0073675	10
0.00737	2
0.0073725	4
0.007375	10
0.0073775	5
0.00738	10
0.0073825	6
0.007385	4
0.0073875	9
0.00739	7
0.0073925	4
0.007395	3
0.0073975	2
0.0074	9
0.0074025	2
0.007405	3
0.0074075	7
0.00741	9
0.0074125	2
0.007415	2
0.0074175	1
0.00742	3
0.0074225	6
0.007425	3
0.0074275	4
0.00743	11
0.0074325	5
0.007435	5
0.0074375	11
0.00744	5
0.0074425	0
0.007445	4
0.0074475	6
0.00745	3
0.0074525	10
0.007455	6
0.0074575	2
0.00746	4
0.0074625	5
0.007465	8
0.0074675	13
0.00747	15
0.0074725	6
0.007475	7
0.0074775	8
0.00748	13
0.0074825	5
0.007485	0
0.0074875	5
0.00749	2
0.0074925	7
0.007495	4
0.0074975	7
0.0075	11
0.0075025	9
0.007505	4
0.0075075	4
0.00751	3
0.0075125	9
0.007515	6
0.0075175	4
0.00752	9
0.0075225	9
0.007525	5
0.0075275	10
0.00753	4
0.0075325	12
0.007535	2
0.0075375	1
0.00754	4
0.0075425	8
0.007545	5
0.0075475	4
0.00755	3
0.0075525	12
0.007555	15
0.0075575	16
0.00756	8
0.0075625	1
0.007565	5
0.0075675	11
0.00757	2
0.0075725	6
0.007575	4
0.0075775	8
0.00758	2
0.0075825	9
0.007585	4
0.0075875	5
0.00759	7
0.0075925	8
0.007595	9
0.0075975	2
0.0076	5
0.0076025	4
0.007605	4
0.0076075	3
0.00761	6
0.0076125	6
0.007615	5
0.0076175	8
0.00762	5
0.0076225	2
0.007625	3
0.0076275	4
0.00763	2
0.0076325	4
0.007635	7
0.0076375	1
0.00764	6
0.0076425	7
0.007645	8
0.0076475	14
0.00765	6
0.0076525	8
0.007655	6
0.0076575	2
0.00766	3
0.0076625	5
0.007665	3
0.0076675	2
0.00767	6
0.0076725	9
0.007675	2
0.0076775	1
0.00768	4
0.0076825	2
0.007685	2
0.0076875	17
0.00769	11
0.0076925	7
0.007695	6
0.0076975	6
0.0077	4
0.0077025	1
0.007705	5
0.0077075	5
0.00771	3
0.0077125	5
0.007715	6
0.0077175	4
0.00772	1
0.0077225	11
0.007725	5
0.0077275	5
0.00773	3
0.0077325	5
0.007735	3
0.0077375	7
0.00774	15
0.0077425	3
0.007745	6
0.0077475	4
0.00775	9
0.0077525	7
0.007755	1
0.0077575	3
0.00776	6
0.0077625	4
0.007765	8
0.0077675	8
0.00777	3
0.0077725	4
0.007775	1
0.0077775	11
0.00778	1
0.0077825	2
0.007785	2
0.0077875	6
0.00779	4
0.0077925	6
0.007795	4
0.0077975	9
0.0078	5
0.0078025	3
0.007805	7
0.0078075	9
0.00781	1
0.0078125	1
0.007815	1
0.0078175	6
0.00782	5
0.0078225	1
0.007825	9
0.0078275	4
0.00783	7
0.0078325	9
0.007835	1
0.0078375	2
0.00784	7
0.0078425	4
0.007845	3
0.0078475	8
0.00785	3
0.0078525	2
0.007855	12
0.0078575	7
0.00786	5
0.0078625	4
0.007865	5
0.0078675	10
0.00787	3
0.0078725	1
0.007875	7
0.0078775	8
0.00788	4
0.0078825	1
0.007885	3
0.0078875	2
0.00789	2
0.0078925	4
0.007895	5
0.0078975	2
0.0079	7
0.0079025	6
0.007905	6
0.0079075	5
0.00791	5
0.0079125	4
0.007915	7
0.0079175	3
0.00792	7
0.0079225	7
0.007925	6
0.0079275	1
0.00793	2
0.0079325	8
0.007935	2
0.0079375	9
0.00794	5
0.0079425	6
0.007945	3
0.0079475	8
0.00795	4
0.0079525	5
0.007955	3
0.0079575	1
0.00796	3
0.0079625	12
0.007965	5
0.0079675	2
0.00797	5
0.0079725	16
0.007975	4
0.0079775	1
0.00798	2
0.0079825	10
0.007985	6
0.0079875	6
0.00799	2
0.0079925	5
0.007995	4
0.0079975	5
0.008	3
0.0080025	4
0.008005	5
0.0080075	0
0.00801	2
0.0080125	2
0.008015	6
0.0080175	10
0.00802	4
0.0080225	1
0.008025	10
0.0080275	8
0.00803	14
0.0080325	5
0.008035	4
0.0080375	7
0.00804	4
0.0080425	6
0.008045	1
0.0080475	7
0.00805	2
0.0080525	2
0.008055	13
0.0080575	12
0.00806	7
0.0080625	7
0.008065	2
0.0080675	13
0.00807	6
0.0080725	6
0.008075	2
0.0080775	1
0.00808	3
0.0080825	5
0.008085	3
0.0080875	5
0.00809	7
0.0080925	6
0.008095	11
0.0080975	8
0.0081	13
0.0081025	6
0.008105	4
0.0081075	9
0.00811	14
0.0081125	2
0.008115	4
0.0081175	0
0.00812	2
0.0081225	4
0.008125	0
0.0081275	5
0.00813	2
0.0081325	3
0.008135	4
0.0081375	3
0.00814	1
0.0081425	9
0.008145	3
0.0081475	11
0.00815	6
0.0081525	3
0.008155	1
0.0081575	4
0.00816	3
0.0081625	2
0.008165	2
0.0081675	1
0.00817	1
0.0081725	2
0.008175	5
0.0081775	1
0.00818	4
0.0081825	4
0.008185	14
0.0081875	5
0.00819	8
0.0081925	6
0.008195	2
0.0081975	7
0.0082	7
0.0082025	5
0.008205	2
0.0082075	5
0.00821	1
0.0082125	4
0.008215	3
0.0082175	2
0.00822	7
0.0082225	3
0.008225	1
0.0082275	0
0.00823	12
0.0082325	7
0.008235	12
0.0082375	6
0.00824	10
0.0082425	7
0.008245	9
0.0082475	5
0.00825	3
0.0082525	2
0.008255	3
0.0082575	1
0.00826	3
0.0082625	2
0.008265	1
0.0082675	12
0.00827	8
0.0082725	2
0.008275	1
0.0082775	3
0.00828	2
0.0082825	11
0.008285	0
0.0082875	7
0.00829	7
0.0082925	4
0.008295	8
0.0082975	4
0.0083	3
0.0083025	5
0.008305	4
0.0083075	3
0.00831	5
0.0083125	0
0.008315	11
0.0083175	21
0.00832	16
0.0083225	3
0.008325	11
0.0083275	6
0.00833	0
0.0083325	1
0.008335	4
0.0083375	4
0.00834	0
0.0083425	5
0.008345	8
0.0083475	3
0.00835	2
0.0083525	3
0.008355	2
0.0083575	5
0.00836	7
0.0083625	4
0.008365	4
0.0083675	2
0.00837	7
0.0083725	5
0.008375	7
0.0083775	4
0.00838	6
0.0083825	6
0.008385	4
0.0083875	7
0.00839	1
0.0083925	9
0.008395	10
0.0083975	9
0.0084	1
0.0084025	5
0.008405	17
0.0084075	6
0.00841	6
0.0084125	8
0.008415	2
0.0084175	2
0.00842	5
0.0084225	3
0.008425	3
0.0084275	2
0.00843	1
0.0084325	6
0.008435	2
0.0084375	5
0.00844	9
0.0084425	1
0.008445	0
0.0084475	1
0.00845	11
0.0084525	12
0.008455	4
0.0084575	5
0.00846	3
0.0084625	7
0.008465	1
0.0084675	8
0.00847	5
0.0084725	8
0.008475	20
0.0084775	1
0.00848	3
0.0084825	3
0.008485	13
0.0084875	8
0.00849	4
0.0084925	1
0.008495	4
0.0084975	5
0.0085	6
0.0085025	4
0.008505	5
0.0085075	2
0.00851	5
0.0085125	5
0.008515	1
0.0085175	2
0.00852	13
0.0085225	5
0.008525	7
0.0085275	7
0.00853	10
0.0085325	5
0.008535	2
0.0085375	3
0.00854	4
0.0085425	2
0.008545	4
0.0085475	6
0.00855	12
0.0085525	1
0.008555	8
0.0085575	6
0.00856	4
0.0085625	2
0.008565	4
0.0085675	4
0.00857	1
0.0085725	4
0.008575	9
0.0085775	2
0.00858	3
0.0085825	5
0.008585	4
0.0085875	5
0.00859	11
0.0085925	6
0.008595	3
0.0085975	5
0.0086	1
0.0086025	3
0.008605	4
0.0086075	2
0.00861	3
0.0086125	2
0.008615	6
0.0086175	3
0.00862	9
0.0086225	12
0.008625	4
0.0086275	1
0.00863	4
0.0086325	3
0.008635	2
0.0086375	6
0.00864	2
0.0086425	7
0.008645	6
0.0086475	3
0.00865	5
0.0086525	1
0.008655	3
0.0086575	4
0.00866	9
0.0086625	2
0.008665	3
0.0086675	4
0.00867	3
0.0086725	7
0.008675	5
0.0086775	1
0.00868	10
0.0086825	6
0.008685	4
0.0086875	10
0.00869	4
0.0086925	2
0.008695	1
0.0086975	5
0.0087	4
0.0087025	3
0.008705	1
0.0087075	3
0.00871	3
0.0087125	4
0.008715	7
0.0087175	4
0.00872	8
0.0087225	7
0.008725	3
0.0087275	2
0.00873	2
0.0087325	4
0.008735	3
0.0087375	10
0.00874	2
0.0087425	7
0.008745	2
0.0087475	3
0.00875	2
0.0087525	4
0.008755	6
0.0087575	5
0.00876	1
0.0087625	2
0.008765	2
0.0087675	8
0.00877	5
0.0087725	3
0.008775	5
0.0087775	3
0.00878	8
0.0087825	6
0.008785	6
0.0087875	5
0.00879	2
0.0087925	3
0.008795	4
0.0087975	1
0.0088	3
0.0088025	4
0.008805	10
0.0088075	1
0.00881	4
0.0088125	4
0.008815	3
0.0088175	1
0.00882	0
0.0088225	3
0.008825	1
0.0088275	4
0.00883	4
0.0088325	4
0.008835	3
0.0088375	6
0.00884	0
0.0088425	7
0.008845	5
0.0088475	0
0.00885	3
0.0088525	6
0.008855	3
0.0088575	5
0.00886	5
0.0088625	0
0.008865	2
0.0088675	4
0.00887	1
0.0088725	2
0.008875	4
0.0088775	3
0.00888	10
0.0088825	2
0.008885	4
0.0088875	1
0.00889	1
0.0088925	3
0.008895	3
0.0088975	3
0.0089	3
0.0089025	2
0.008905	4
0.0089075	1
0.00891	2
0.0089125	5
0.008915	1
0.0089175	4
0.00892	1
0.0089225	10
0.008925	3
0.0089275	5
0.00893	5
0.0089325	1
0.008935	3
0.0089375	0
0.00894	1
0.0089425	6
0.008945	4
0.0089475	4
0.00895	3
0.0089525	4
0.008955	5
0.0089575	1
0.00896	3
0.0089625	4
0.008965	4
0.0089675	4
0.00897	7
0.0089725	11
0.008975	5
0.0089775	7
0.00898	1
0.0089825	1
0.008985	2
0.0089875	1
0.00899	6
0.0089925	4
0.008995	3
0.0089975	2
0.009	2
0.0090025	4
0.009005	3
0.0090075	10
0.00901	1
0.0090125	16
0.009015	3
0.0090175	1
0.00902	2
0.0090225	7
0.009025	2
0.0090275	4
0.00903	11
0.0090325	8
0.009035	6
0.0090375	7
0.00904	8
0.0090425	2
0.009045	1
0.0090475	2
0.00905	3
0.0090525	9
0.009055	5
0.0090575	6
0.00906	7
0.0090625	4
0.009065	6
0.0090675	6
0.00907	3
0.0090725	2
0.009075	2
0.0090775	10
0.00908	8
0.0090825	11
0.009085	5
0.0090875	6
0.00909	4
0.0090925	2
0.009095	2
0.0090975	6
0.0091	5
0.0091025	4
0.009105	5
0.0091075	1
0.00911	4
0.0091125	7
0.009115	12
0.0091175	4
0.00912	2
0.0091225	4
0.009125	3
0.0091275	3
0.00913	2
0.0091325	0
0.009135	0
0.0091375	12
0.00914	6
0.0091425	6
0.009145	4
0.0091475	4
0.00915	1
0.0091525	5
0.009155	4
0.0091575	3
0.00916	4
0.0091625	11
0.009165	6
0.0091675	10
0.00917	0
0.0091725	7
0.009175	3
0.0091775	1
0.00918	5
0.0091825	2
0.009185	0
0.0091875	2
0.00919	2
0.0091925	4
0.009195	0
0.0091975	1
0.0092	0
0.0092025	6
0.009205	6
0.0092075	12
0.00921	7
0.0092125	7
0.009215	2
0.0092175	4
0.00922	1
0.0092225	5
0.009225	4
0.0092275	3
0.00923	2
0.0092325	3
0.009235	6
0.0092375	2
0.00924	4
0.0092425	0
0.009245	0
0.0092475	3
0.00925	2
0.0092525	4
0.009255	4
0.0092575	8
0.00926	5
0.0092625	2
0.009265	7
0.0092675	2
0.00927	6
0.0092725	0
0.009275	5
0.0092775	5
0.00928	13
0.0092825	11
0.009285	7
0.0092875	3
0.00929	2
0.0092925	9
0.009295	3
0.0092975	3
0.0093	6
0.0093025	10
0.009305	4
0.0093075	4
0.00931	10
0.0093125	2
0.009315	0
0.0093175	1
0.00932	3
0.0093225	1
0.009325	2
0.0093275	7
0.00933	8
0.0093325	2
0.009335	7
0.0093375	4
0.00934	5
0.0093425	7
0.009345	8
0.0093475	1
0.00935	4
0.0093525	3
0.009355	4
0.0093575	6
0.00936	1
0.0093625	3
0.009365	7
0.0093675	3
0.00937	3
0.0093725	2
0.009375	7
0.0093775	2
0.00938	4
0.0093825	2
0.009385	2
0.0093875	2
0.00939	2
0.0093925	9
0.009395	6
0.0093975	3
0.0094	2
0.0094025	3
0.009405	15
0.0094075	3
0.00941	3
0.0094125	4
0.009415	5
0.0094175	11
0.00942	3
0.0094225	4
0.009425	6
0.0094275	5
0.00943	4
0.0094325	1
0.009435	0
0.0094375	1
0.00944	3
0.0094425	2
0.009445	4
0.0094475	4
0.00945	2
0.0094525	1
0.009455	2
0.0094575	5
0.00946	1
0.0094625	4
0.009465	3
0.0094675	1
0.00947	5
0.0094725	4
0.009475	1
0.0094775	3
0.00948	3
0.0094825	6
0.009485	10
0.0094875	2
0.00949	5
0.0094925	8
0.009495	2
0.0094975	4
0.0095	4
0.0095025	8
0.009505	1
0.0095075	9
0.00951	1
0.0095125	1
0.009515	2
0.0095175	3
0.00952	5
0.0095225	8
0.009525	2
0.0095275	0
0.00953	1
0.0095325	3
0.009535	10
0.0095375	6
0.00954	0
0.0095425	3
0.009545	6
0.0095475	1
0.00955	4
0.0095525	6
0.009555	3
0.0095575	0
0.00956	3
0.0095625	0
0.009565	3
0.0095675	5
0.00957	1
0.0095725	4
0.009575	2
0.0095775	2
0.00958	2
0.0095825	13
0.009585	4
0.0095875	2
0.00959	3
0.0095925	4
0.009595	5
0.0095975	1
0.0096	3
0.0096025	0
0.009605	0
0.0096075	1
0.00961	3
0.0096125	5
0.009615	0
0.0096175	2
0.00962	2
0.0096225	1
0.009625	4
0.0096275	3
0.00963	5
0.0096325	3
0.009635	6
0.0096375	2
0.00964	3
0.0096425	6
0.009645	13
0.0096475	11
0.00965	3
0.0096525	11
0.009655	4
0.0096575	3
0.00966	2
0.0096625	7
0.009665	1
0.0096675	2
0.00967	1
0.0096725	2
0.009675	3
0.0096775	1
0.00968	4
0.0096825	4
0.009685	5
0.0096875	0
0.00969	2
0.0096925	9
0.009695	5
0.0096975	4
0.0097	5
0.0097025	4
0.009705	2
0.0097075	1
0.00971	4
0.0097125	3
0.009715	5
0.0097175	5
0.00972	4
0.0097225	5
0.009725	2
0.0097275	5
0.00973	4
0.0097325	2
0.009735	4
0.0097375	6
0.00974	6
0.0097425	3
0.009745	3
0.0097475	14
0.00975	5
0.0097525	4
0.009755	2
0.0097575	1
0.00976	5
0.0097625	3
0.009765	2
0.0097675	0
0.00977	11
0.0097725	4
0.009775	7
0.0097775	7
0.00978	7
0.0097825	9
0.009785	7
0.0097875	5
0.00979	3
0.0097925	0
0.009795	6
0.0097975	5
0.0098	8
0.0098025	8
0.009805	7
0.0098075	9
0.00981	4
0.0098125	6
0.009815	8
0.0098175	5
0.00982	6
0.0098225	8
0.009825	2
0.0098275	4
0.00983	0
0.0098325	15
0.009835	2
0.0098375	3
0.00984	4
0.0098425	1
0.009845	3
0.0098475	2
0.00985	5
0.0098525	5
0.009855	8
0.0098575	7
0.00986	1
0.0098625	1
0.009865	7
0.0098675	1
0.00987	2
0.0098725	11
0.009875	0
0.0098775	3
0.00988	1
0.0098825	1
0.009885	5
0.0098875	6
0.00989	4
0.0098925	4
0.009895	3
0.0098975	1
0.0099	1
0.0099025	4
0.009905	4
0.0099075	2
0.00991	2
0.0099125	3
0.009915	5
0.0099175	2
0.00992	2
0.0099225	3
0.009925	3
0.0099275	2
0.00993	13
0.0099325	11
0.009935	5
0.0099375	3
0.00994	7
0.0099425	2
0.009945	1
0.0099475	1
0.00995	3
0.0099525	2
0.009955	9
0.0099575	5
0.00996	5
0.0099625	5
0.009965	10
0.0099675	7
0.00997	4
0.0099725	1
0.009975	4
0.0099775	5
0.00998	2
0.0099825	4
0.009985	16
0.0099875	7
0.00999	2
0.0099925	7
0.009995	7
0.0099975	9
