0	1
2.5E-6	0
5E-6	1
7.5E-6	5
1E-5	5
1.25E-5	4
1.5E-5	2
1.75E-5	4
2E-5	8
2.25E-5	2
2.5E-5	4
2.75E-5	8
3E-5	10
3.25E-5	12
3.5E-5	19
3.75E-5	29
4E-5	28
4.25E-5	34
4.5E-5	30
4.75E-5	25
5E-5	37
5.25E-5	30
5.5E-5	40
5.75E-5	41
6E-5	43
6.25E-5	56
6.5E-5	71
6.75E-5	63
7E-5	78
7.25E-5	86
7.5E-5	118
7.75E-5	96
8E-5	98
8.25E-5	102
8.5E-5	131
8.75E-5	128
9E-5	130
9.25E-5	126
9.5E-5	135
9.75E-5	167
1E-4	146
1.025E-4	160
1.05E-4	195
1.075E-4	164
1.1E-4	185
1.125E-4	187
1.15E-4	185
1.175E-4	227
1.2E-4	220
1.225E-4	258
1.25E-4	220
1.275E-4	250
1.3E-4	284
1.325E-4	308
1.35E-4	266
1.375E-4	299
1.4E-4	297
1.425E-4	332
1.45E-4	368
1.475E-4	351
1.5E-4	347
1.525E-4	343
1.55E-4	359
1.575E-4	394
1.6E-4	417
1.625E-4	373
1.65E-4	440
1.675E-4	396
1.7E-4	409
1.725E-4	415
1.75E-4	476
1.775E-4	457
1.8E-4	512
1.825E-4	545
1.85E-4	485
1.875E-4	479
1.9E-4	537
1.925E-4	578
1.95E-4	573
1.975E-4	559
2E-4	603
2.025E-4	654
2.05E-4	580
2.075E-4	622
2.1E-4	598
2.125E-4	640
2.15E-4	683
2.175E-4	660
2.2E-4	643
2.225E-4	700
2.25E-4	753
2.275E-4	739
2.3E-4	754
2.325E-4	730
2.35E-4	710
2.375E-4	789
2.4E-4	755
2.425E-4	770
2.45E-4	831
2.475E-4	787
2.5E-4	826
2.525E-4	847
2.55E-4	854
2.575E-4	857
2.6E-4	902
2.625E-4	980
2.65E-4	883
2.675E-4	916
2.7E-4	988
2.725E-4	918
2.75E-4	931
2.775E-4	945
2.8E-4	881
2.825E-4	1053
2.85E-4	1046
2.875E-4	1068
2.9E-4	1011
2.925E-4	976
2.95E-4	1040
2.975E-4	1092
3E-4	1167
3.025E-4	1074
3.05E-4	1212
3.075E-4	1145
3.1E-4	1220
3.125E-4	1135
3.15E-4	1110
3.175E-4	1110
3.2E-4	1151
3.225E-4	1241
3.25E-4	1170
3.275E-4	1283
3.3E-4	1178
3.325E-4	1263
3.35E-4	1215
3.375E-4	1171
3.4E-4	1266
3.425E-4	1251
3.45E-4	1265
3.475E-4	1315
3.5E-4	1274
3.525E-4	1326
3.55E-4	1262
3.575E-4	1350
3.6E-4	1309
3.625E-4	1353
3.65E-4	1411
3.675E-4	1301
3.7E-4	1389
3.725E-4	1387
3.75E-4	1408
3.775E-4	1388
3.8E-4	1356
3.825E-4	1537
3.85E-4	1503
3.875E-4	1624
3.9E-4	1499
3.925E-4	1546
3.95E-4	1647
3.975E-4	1564
4E-4	1512
4.025E-4	1594
4.05E-4	1537
4.075E-4	1466
4.1E-4	1526
4.125E-4	1660
4.15E-4	1599
4.175E-4	1579
4.2E-4	1599
4.225E-4	1645
4.25E-4	1689
4.275E-4	1633
4.3E-4	1670
4.325E-4	1635
4.35E-4	1660
4.375E-4	1613
4.4E-4	1681
4.425E-4	1787
4.45E-4	1805
4.475E-4	1664
4.5E-4	1712
4.525E-4	1819
4.55E-4	1785
4.575E-4	1647
4.6E-4	1762
4.625E-4	1861
4.65E-4	1856
4.675E-4	1910
4.7E-4	1861
4.725E-4	1942
4.75E-4	1989
4.775E-4	1874
4.8E-4	1893
4.825E-4	1896
4.85E-4	1929
4.875E-4	2025
4.9E-4	2018
4.925E-4	1958
4.95E-4	1890
4.975E-4	1953
5E-4	1973
5.025E-4	1993
5.05E-4	1922
5.075E-4	2135
5.1E-4	1961
5.125E-4	1946
5.15E-4	2026
5.175E-4	2039
5.2E-4	2040
5.225E-4	2129
5.25E-4	2041
5.275E-4	2054
5.3E-4	2070
5.325E-4	2176
5.35E-4	2081
5.375E-4	2052
5.4E-4	2170
5.425E-4	2182
5.45E-4	2094
5.475E-4	2088
5.5E-4	2133
5.525E-4	2131
5.55E-4	2203
5.575E-4	2186
5.6E-4	2219
5.625E-4	2224
5.65E-4	2270
5.675E-4	2084
5.7E-4	2149
5.725E-4	2113
5.75E-4	2219
5.775E-4	2228
5.8E-4	2181
5.825E-4	2244
5.85E-4	2183
5.875E-4	2243
5.9E-4	2293
5.925E-4	2316
5.95E-4	2259
5.975E-4	2369
6E-4	2169
6.025E-4	2326
6.05E-4	2336
6.075E-4	2203
6.1E-4	2341
6.125E-4	2256
6.15E-4	2275
6.175E-4	2354
6.2E-4	2269
6.225E-4	2351
6.25E-4	2296
6.275E-4	2400
6.3E-4	2380
6.325E-4	2306
6.35E-4	2335
6.375E-4	2392
6.4E-4	2428
6.425E-4	2382
6.45E-4	2427
6.475E-4	2280
6.5E-4	2315
6.525E-4	2450
6.55E-4	2535
6.575E-4	2514
6.6E-4	2401
6.625E-4	2385
6.65E-4	2448
6.675E-4	2571
6.7E-4	2466
6.725E-4	2494
6.75E-4	2524
6.775E-4	2501
6.8E-4	2595
6.825E-4	2453
6.85E-4	2516
6.875E-4	2461
6.9E-4	2437
6.925E-4	2484
6.95E-4	2495
6.975E-4	2621
7E-4	2690
7.025E-4	2506
7.05E-4	2556
7.075E-4	2551
7.1E-4	2496
7.125E-4	2495
7.15E-4	2470
7.175E-4	2456
7.2E-4	2577
7.225E-4	2545
7.25E-4	2549
7.275E-4	2643
7.3E-4	2723
7.325E-4	2659
7.35E-4	2654
7.375E-4	2628
7.4E-4	2696
7.425E-4	2578
7.45E-4	2745
7.475E-4	2659
7.5E-4	2590
7.525E-4	2630
7.55E-4	2592
7.575E-4	2550
7.6E-4	2609
7.625E-4	2745
7.65E-4	2716
7.675E-4	2545
7.7E-4	2622
7.725E-4	2622
7.75E-4	2762
7.775E-4	2634
7.8E-4	2748
7.825E-4	2733
7.85E-4	2698
7.875E-4	2658
7.9E-4	2612
7.925E-4	2727
7.95E-4	2605
7.975E-4	2759
8E-4	2688
8.025E-4	2736
8.05E-4	2772
8.075E-4	2770
8.1E-4	2658
8.125E-4	2796
8.15E-4	2784
8.175E-4	2830
8.2E-4	2807
8.225E-4	2841
8.25E-4	2770
8.275E-4	2862
8.3E-4	2697
8.325E-4	2702
8.35E-4	2782
8.375E-4	2788
8.4E-4	2923
8.425E-4	2795
8.45E-4	2667
8.475E-4	2799
8.5E-4	2660
8.525E-4	2817
8.55E-4	2719
8.575E-4	2731
8.6E-4	2902
8.625E-4	2756
8.65E-4	2763
8.675E-4	2786
8.7E-4	2851
8.725E-4	2817
8.75E-4	2852
8.775E-4	2736
8.8E-4	2795
8.825E-4	2765
8.85E-4	2851
8.875E-4	2785
8.9E-4	2809
8.925E-4	2808
8.95E-4	2764
8.975E-4	2849
9E-4	2720
9.025E-4	2796
9.05E-4	2827
9.075E-4	2846
9.1E-4	2860
9.125E-4	2901
9.15E-4	2931
9.175E-4	2830
9.2E-4	2811
9.225E-4	2888
9.25E-4	2852
9.275E-4	2871
9.3E-4	2839
9.325E-4	2949
9.35E-4	2859
9.375E-4	2943
9.4E-4	2797
9.425E-4	2887
9.45E-4	2888
9.475E-4	2899
9.5E-4	2744
9.525E-4	2798
9.55E-4	2857
9.575E-4	2825
9.6E-4	2857
9.625E-4	2829
9.65E-4	2989
9.675E-4	2821
9.7E-4	2868
9.725E-4	2679
9.75E-4	2914
9.775E-4	2822
9.8E-4	2942
9.825E-4	2841
9.85E-4	2906
9.875E-4	2958
9.9E-4	2838
9.925E-4	2958
9.95E-4	2885
9.975E-4	2841
1E-3	2921
0.0010025	2937
0.001005	2911
0.0010075	2840
0.00101	2867
0.0010125	2912
0.001015	2852
0.0010175	2955
0.00102	2815
0.0010225	2728
0.001025	2771
0.0010275	2972
0.00103	3001
0.0010325	2896
0.001035	2904
0.0010375	2949
0.00104	2838
0.0010425	2882
0.001045	2847
0.0010475	2931
0.00105	2960
0.0010525	2855
0.001055	2941
0.0010575	2823
0.00106	2958
0.0010625	2923
0.001065	2946
0.0010675	2862
0.00107	2836
0.0010725	2861
0.001075	2800
0.0010775	2755
0.00108	2864
0.0010825	2934
0.001085	2734
0.0010875	2857
0.00109	2940
0.0010925	2861
0.001095	2985
0.0010975	2908
0.0011	2892
0.0011025	2792
0.001105	2875
0.0011075	2939
0.00111	2881
0.0011125	2870
0.001115	2937
0.0011175	2874
0.00112	2996
0.0011225	2795
0.001125	2958
0.0011275	2884
0.00113	2898
0.0011325	2766
0.001135	2785
0.0011375	2960
0.00114	2720
0.0011425	2840
0.001145	2921
0.0011475	2877
0.00115	2997
0.0011525	2907
0.001155	2788
0.0011575	2851
0.00116	2845
0.0011625	2842
0.001165	2799
0.0011675	2791
0.00117	2904
0.0011725	2977
0.001175	2858
0.0011775	2785
0.00118	2779
0.0011825	2954
0.001185	2713
0.0011875	2843
0.00119	2917
0.0011925	2829
0.001195	2917
0.0011975	2807
0.0012	2909
0.0012025	2716
0.001205	2949
0.0012075	2870
0.00121	2940
0.0012125	2872
0.001215	2899
0.0012175	2872
0.00122	2795
0.0012225	2743
0.001225	2864
0.0012275	2783
0.00123	2808
0.0012325	2905
0.001235	2829
0.0012375	2810
0.00124	2866
0.0012425	2881
0.001245	2841
0.0012475	2968
0.00125	2882
0.0012525	2621
0.001255	2914
0.0012575	2912
0.00126	2849
0.0012625	2806
0.001265	2929
0.0012675	2909
0.00127	2717
0.0012725	2723
0.001275	2838
0.0012775	2753
0.00128	2835
0.0012825	2748
0.001285	2754
0.0012875	2912
0.00129	2727
0.0012925	2586
0.001295	2743
0.0012975	2800
0.0013	2764
0.0013025	2764
0.001305	2683
0.0013075	2782
0.00131	2750
0.0013125	2738
0.001315	2628
0.0013175	2726
0.00132	2704
0.0013225	2718
0.001325	2760
0.0013275	2855
0.00133	2696
0.0013325	2717
0.001335	2883
0.0013375	2848
0.00134	2783
0.0013425	2783
0.001345	2771
0.0013475	2767
0.00135	2736
0.0013525	2671
0.001355	2734
0.0013575	2708
0.00136	2703
0.0013625	2654
0.001365	2685
0.0013675	2697
0.00137	2747
0.0013725	2582
0.001375	2688
0.0013775	2745
0.00138	2700
0.0013825	2822
0.001385	2690
0.0013875	2598
0.00139	2656
0.0013925	2690
0.001395	2813
0.0013975	2693
0.0014	2666
0.0014025	2713
0.001405	2638
0.0014075	2580
0.00141	2654
0.0014125	2854
0.001415	2703
0.0014175	2686
0.00142	2659
0.0014225	2494
0.001425	2643
0.0014275	2626
0.00143	2650
0.0014325	2685
0.001435	2576
0.0014375	2604
0.00144	2752
0.0014425	2693
0.001445	2762
0.0014475	2663
0.00145	2682
0.0014525	2504
0.001455	2537
0.0014575	2672
0.00146	2741
0.0014625	2695
0.001465	2733
0.0014675	2525
0.00147	2676
0.0014725	2570
0.001475	2687
0.0014775	2653
0.00148	2576
0.0014825	2624
0.001485	2592
0.0014875	2614
0.00149	2425
0.0014925	2582
0.001495	2612
0.0014975	2581
0.0015	2598
0.0015025	2566
0.001505	2577
0.0015075	2561
0.00151	2561
0.0015125	2577
0.001515	2711
0.0015175	2584
0.00152	2610
0.0015225	2539
0.001525	2592
0.0015275	2608
0.00153	2578
0.0015325	2567
0.001535	2501
0.0015375	2540
0.00154	2546
0.0015425	2522
0.001545	2583
0.0015475	2666
0.00155	2550
0.0015525	2585
0.001555	2537
0.0015575	2603
0.00156	2493
0.0015625	2553
0.001565	2440
0.0015675	2530
0.00157	2489
0.0015725	2516
0.001575	2350
0.0015775	2499
0.00158	2370
0.0015825	2460
0.001585	2503
0.0015875	2431
0.00159	2549
0.0015925	2544
0.001595	2399
0.0015975	2482
0.0016	2462
0.0016025	2456
0.001605	2547
0.0016075	2436
0.00161	2539
0.0016125	2495
0.001615	2330
0.0016175	2359
0.00162	2375
0.0016225	2439
0.001625	2484
0.0016275	2529
0.00163	2421
0.0016325	2480
0.001635	2415
0.0016375	2389
0.00164	2437
0.0016425	2430
0.001645	2367
0.0016475	2320
0.00165	2309
0.0016525	2369
0.001655	2554
0.0016575	2469
0.00166	2265
0.0016625	2389
0.001665	2459
0.0016675	2330
0.00167	2318
0.0016725	2411
0.001675	2363
0.0016775	2334
0.00168	2313
0.0016825	2281
0.001685	2278
0.0016875	2343
0.00169	2320
0.0016925	2270
0.001695	2311
0.0016975	2362
0.0017	2385
0.0017025	2398
0.001705	2344
0.0017075	2283
0.00171	2393
0.0017125	2435
0.001715	2307
0.0017175	2390
0.00172	2255
0.0017225	2241
0.001725	2403
0.0017275	2364
0.00173	2419
0.0017325	2261
0.001735	2298
0.0017375	2285
0.00174	2324
0.0017425	2205
0.001745	2279
0.0017475	2313
0.00175	2240
0.0017525	2313
0.001755	2233
0.0017575	2262
0.00176	2336
0.0017625	2235
0.001765	2217
0.0017675	2288
0.00177	2189
0.0017725	2327
0.001775	2372
0.0017775	2175
0.00178	2228
0.0017825	2222
0.001785	2195
0.0017875	2231
0.00179	2123
0.0017925	2166
0.001795	2322
0.0017975	2182
0.0018	2178
0.0018025	2254
0.001805	2243
0.0018075	2154
0.00181	2222
0.0018125	2208
0.001815	2169
0.0018175	2177
0.00182	2187
0.0018225	2216
0.001825	2131
0.0018275	2129
0.00183	2250
0.0018325	2136
0.001835	2180
0.0018375	2012
0.00184	2120
0.0018425	1986
0.001845	2041
0.0018475	2062
0.00185	2085
0.0018525	2060
0.001855	2083
0.0018575	2108
0.00186	2107
0.0018625	1969
0.001865	2080
0.0018675	2020
0.00187	2056
0.0018725	2117
0.001875	2156
0.0018775	2079
0.00188	2050
0.0018825	2031
0.001885	2086
0.0018875	2067
0.00189	2073
0.0018925	2091
0.001895	2059
0.0018975	1944
0.0019	2019
0.0019025	2011
0.001905	2073
0.0019075	2080
0.00191	1992
0.0019125	2085
0.001915	2054
0.0019175	2017
0.00192	1976
0.0019225	2135
0.001925	2025
0.0019275	2009
0.00193	1994
0.0019325	2024
0.001935	1955
0.0019375	1933
0.00194	2073
0.0019425	2027
0.001945	2030
0.0019475	1956
0.00195	1893
0.0019525	1903
0.001955	2032
0.0019575	2020
0.00196	1985
0.0019625	1918
0.001965	2051
0.0019675	2015
0.00197	1943
0.0019725	1870
0.001975	1866
0.0019775	2006
0.00198	2029
0.0019825	1977
0.001985	1931
0.0019875	1866
0.00199	1997
0.0019925	1919
0.001995	1903
0.0019975	1858
0.002	2022
0.0020025	1969
0.002005	1805
0.0020075	1971
0.00201	1899
0.0020125	1943
0.002015	1864
0.0020175	1899
0.00202	1905
0.0020225	1862
0.002025	1964
0.0020275	1824
0.00203	1924
0.0020325	1843
0.002035	2023
0.0020375	1885
0.00204	1841
0.0020425	1834
0.002045	1895
0.0020475	1843
0.00205	1842
0.0020525	1925
0.002055	1851
0.0020575	1794
0.00206	1899
0.0020625	1879
0.002065	1895
0.0020675	1832
0.00207	1798
0.0020725	1756
0.002075	1796
0.0020775	1846
0.00208	1892
0.0020825	1824
0.002085	1930
0.0020875	1815
0.00209	1835
0.0020925	1812
0.002095	1699
0.0020975	1739
0.0021	1836
0.0021025	1825
0.002105	1753
0.0021075	1776
0.00211	1695
0.0021125	1712
0.002115	1845
0.0021175	1719
0.00212	1748
0.0021225	1864
0.002125	1833
0.0021275	1792
0.00213	1860
0.0021325	1740
0.002135	1709
0.0021375	1768
0.00214	1772
0.0021425	1718
0.002145	1723
0.0021475	1711
0.00215	1690
0.0021525	1788
0.002155	1681
0.0021575	1712
0.00216	1705
0.0021625	1764
0.002165	1666
0.0021675	1665
0.00217	1752
0.0021725	1702
0.002175	1777
0.0021775	1747
0.00218	1682
0.0021825	1719
0.002185	1748
0.0021875	1716
0.00219	1605
0.0021925	1649
0.002195	1556
0.0021975	1694
0.0022	1704
0.0022025	1679
0.002205	1688
0.0022075	1634
0.00221	1680
0.0022125	1588
0.002215	1670
0.0022175	1753
0.00222	1645
0.0022225	1670
0.002225	1617
0.0022275	1672
0.00223	1595
0.0022325	1637
0.002235	1654
0.0022375	1585
0.00224	1596
0.0022425	1565
0.002245	1653
0.0022475	1586
0.00225	1467
0.0022525	1547
0.002255	1540
0.0022575	1670
0.00226	1554
0.0022625	1622
0.002265	1643
0.0022675	1567
0.00227	1541
0.0022725	1565
0.002275	1630
0.0022775	1500
0.00228	1509
0.0022825	1515
0.002285	1608
0.0022875	1585
0.00229	1502
0.0022925	1466
0.002295	1505
0.0022975	1490
0.0023	1558
0.0023025	1467
0.002305	1499
0.0023075	1481
0.00231	1471
0.0023125	1513
0.002315	1535
0.0023175	1480
0.00232	1462
0.0023225	1530
0.002325	1520
0.0023275	1445
0.00233	1537
0.0023325	1443
0.002335	1465
0.0023375	1552
0.00234	1503
0.0023425	1422
0.002345	1418
0.0023475	1464
0.00235	1453
0.0023525	1512
0.002355	1505
0.0023575	1459
0.00236	1447
0.0023625	1458
0.002365	1455
0.0023675	1485
0.00237	1397
0.0023725	1517
0.002375	1391
0.0023775	1475
0.00238	1396
0.0023825	1516
0.002385	1451
0.0023875	1384
0.00239	1395
0.0023925	1464
0.002395	1437
0.0023975	1449
0.0024	1391
0.0024025	1480
0.002405	1383
0.0024075	1436
0.00241	1413
0.0024125	1388
0.002415	1432
0.0024175	1372
0.00242	1432
0.0024225	1377
0.002425	1380
0.0024275	1429
0.00243	1386
0.0024325	1307
0.002435	1404
0.0024375	1379
0.00244	1288
0.0024425	1251
0.002445	1436
0.0024475	1295
0.00245	1397
0.0024525	1430
0.002455	1300
0.0024575	1262
0.00246	1281
0.0024625	1269
0.002465	1379
0.0024675	1343
0.00247	1384
0.0024725	1294
0.002475	1402
0.0024775	1257
0.00248	1331
0.0024825	1335
0.002485	1285
0.0024875	1269
0.00249	1424
0.0024925	1318
0.002495	1248
0.0024975	1325
0.0025	1353
0.0025025	1270
0.002505	1247
0.0025075	1275
0.00251	1217
0.0025125	1248
0.002515	1273
0.0025175	1241
0.00252	1158
0.0025225	1293
0.002525	1263
0.0025275	1309
0.00253	1295
0.0025325	1256
0.002535	1267
0.0025375	1322
0.00254	1186
0.0025425	1249
0.002545	1266
0.0025475	1235
0.00255	1232
0.0025525	1304
0.002555	1222
0.0025575	1164
0.00256	1203
0.0025625	1158
0.002565	1138
0.0025675	1242
0.00257	1167
0.0025725	1135
0.002575	1108
0.0025775	1216
0.00258	1223
0.0025825	1258
0.002585	1268
0.0025875	1109
0.00259	1157
0.0025925	1139
0.002595	1187
0.0025975	1189
0.0026	1181
0.0026025	1178
0.002605	1093
0.0026075	1152
0.00261	1206
0.0026125	1101
0.002615	1137
0.0026175	1214
0.00262	1190
0.0026225	1215
0.002625	1294
0.0026275	1126
0.00263	1218
0.0026325	1056
0.002635	1157
0.0026375	1160
0.00264	1150
0.0026425	1157
0.002645	1215
0.0026475	1170
0.00265	1119
0.0026525	1073
0.002655	1112
0.0026575	1131
0.00266	1112
0.0026625	1123
0.002665	1158
0.0026675	1058
0.00267	1119
0.0026725	1124
0.002675	1142
0.0026775	1036
0.00268	1068
0.0026825	1067
0.002685	1143
0.0026875	1097
0.00269	1120
0.0026925	1129
0.002695	1097
0.0026975	1054
0.0027	1084
0.0027025	1078
0.002705	1035
0.0027075	1090
0.00271	1039
0.0027125	1065
0.002715	1066
0.0027175	1105
0.00272	1071
0.0027225	1108
0.002725	1077
0.0027275	1043
0.00273	1079
0.0027325	988
0.002735	989
0.0027375	1059
0.00274	1090
0.0027425	1005
0.002745	995
0.0027475	1060
0.00275	1027
0.0027525	1112
0.002755	1067
0.0027575	1097
0.00276	1067
0.0027625	1065
0.002765	987
0.0027675	1078
0.00277	1051
0.0027725	1033
0.002775	967
0.0027775	1055
0.00278	1012
0.0027825	1020
0.002785	987
0.0027875	1037
0.00279	991
0.0027925	1018
0.002795	990
0.0027975	985
0.0028	986
0.0028025	1076
0.002805	986
0.0028075	1037
0.00281	1047
0.0028125	1029
0.002815	1086
0.0028175	1001
0.00282	946
0.0028225	973
0.002825	1012
0.0028275	985
0.00283	985
0.0028325	991
0.002835	947
0.0028375	942
0.00284	942
0.0028425	1001
0.002845	946
0.0028475	956
0.00285	998
0.0028525	986
0.002855	970
0.0028575	989
0.00286	953
0.0028625	909
0.002865	956
0.0028675	995
0.00287	1031
0.0028725	865
0.002875	989
0.0028775	901
0.00288	898
0.0028825	916
0.002885	992
0.0028875	971
0.00289	941
0.0028925	982
0.002895	930
0.0028975	896
0.0029	929
0.0029025	933
0.002905	925
0.0029075	856
0.00291	983
0.0029125	879
0.002915	929
0.0029175	973
0.00292	896
0.0029225	795
0.002925	825
0.0029275	904
0.00293	907
0.0029325	854
0.002935	928
0.0029375	952
0.00294	891
0.0029425	876
0.002945	875
0.0029475	835
0.00295	912
0.0029525	858
0.002955	846
0.0029575	858
0.00296	852
0.0029625	877
0.002965	851
0.0029675	910
0.00297	860
0.0029725	831
0.002975	821
0.0029775	867
0.00298	912
0.0029825	892
0.002985	857
0.0029875	792
0.00299	829
0.0029925	848
0.002995	881
0.0029975	884
0.003	870
0.0030025	825
0.003005	839
0.0030075	829
0.00301	840
0.0030125	861
0.003015	804
0.0030175	824
0.00302	766
0.0030225	782
0.003025	813
0.0030275	794
0.00303	775
0.0030325	809
0.003035	822
0.0030375	780
0.00304	796
0.0030425	782
0.003045	793
0.0030475	791
0.00305	860
0.0030525	747
0.003055	779
0.0030575	798
0.00306	748
0.0030625	719
0.003065	843
0.0030675	780
0.00307	825
0.0030725	754
0.003075	851
0.0030775	797
0.00308	782
0.0030825	725
0.003085	753
0.0030875	713
0.00309	714
0.0030925	753
0.003095	760
0.0030975	797
0.0031	781
0.0031025	749
0.003105	697
0.0031075	829
0.00311	764
0.0031125	767
0.003115	767
0.0031175	731
0.00312	721
0.0031225	735
0.003125	727
0.0031275	736
0.00313	690
0.0031325	741
0.003135	723
0.0031375	787
0.00314	725
0.0031425	731
0.003145	737
0.0031475	711
0.00315	686
0.0031525	641
0.003155	694
0.0031575	725
0.00316	700
0.0031625	759
0.003165	728
0.0031675	726
0.00317	676
0.0031725	736
0.003175	679
0.0031775	727
0.00318	707
0.0031825	690
0.003185	668
0.0031875	778
0.00319	696
0.0031925	644
0.003195	706
0.0031975	700
0.0032	736
0.0032025	721
0.003205	712
0.0032075	680
0.00321	666
0.0032125	654
0.003215	709
0.0032175	707
0.00322	686
0.0032225	675
0.003225	618
0.0032275	649
0.00323	673
0.0032325	712
0.003235	664
0.0032375	714
0.00324	694
0.0032425	738
0.003245	656
0.0032475	679
0.00325	660
0.0032525	617
0.003255	658
0.0032575	660
0.00326	652
0.0032625	648
0.003265	648
0.0032675	628
0.00327	603
0.0032725	588
0.003275	650
0.0032775	621
0.00328	646
0.0032825	664
0.003285	707
0.0032875	548
0.00329	640
0.0032925	638
0.003295	645
0.0032975	593
0.0033	649
0.0033025	607
0.003305	592
0.0033075	627
0.00331	583
0.0033125	563
0.003315	639
0.0033175	613
0.00332	596
0.0033225	604
0.003325	607
0.0033275	632
0.00333	633
0.0033325	563
0.003335	621
0.0033375	624
0.00334	653
0.0033425	613
0.003345	594
0.0033475	613
0.00335	547
0.0033525	599
0.003355	653
0.0033575	573
0.00336	613
0.0033625	560
0.003365	596
0.0033675	583
0.00337	534
0.0033725	609
0.003375	577
0.0033775	628
0.00338	631
0.0033825	562
0.003385	691
0.0033875	614
0.00339	580
0.0033925	600
0.003395	569
0.0033975	591
0.0034	568
0.0034025	552
0.003405	597
0.0034075	624
0.00341	622
0.0034125	547
0.003415	611
0.0034175	540
0.00342	523
0.0034225	580
0.003425	539
0.0034275	551
0.00343	554
0.0034325	595
0.003435	530
0.0034375	488
0.00344	564
0.0034425	563
0.003445	569
0.0034475	499
0.00345	508
0.0034525	545
0.003455	559
0.0034575	510
0.00346	521
0.0034625	583
0.003465	488
0.0034675	531
0.00347	516
0.0034725	565
0.003475	513
0.0034775	503
0.00348	483
0.0034825	505
0.003485	517
0.0034875	520
0.00349	534
0.0034925	525
0.003495	459
0.0034975	512
0.0035	558
0.0035025	550
0.003505	512
0.0035075	509
0.00351	503
0.0035125	468
0.003515	526
0.0035175	503
0.00352	540
0.0035225	512
0.003525	429
0.0035275	480
0.00353	495
0.0035325	506
0.003535	513
0.0035375	475
0.00354	478
0.0035425	494
0.003545	556
0.0035475	476
0.00355	495
0.0035525	475
0.003555	477
0.0035575	484
0.00356	474
0.0035625	466
0.003565	551
0.0035675	423
0.00357	497
0.0035725	477
0.003575	468
0.0035775	434
0.00358	496
0.0035825	491
0.003585	429
0.0035875	464
0.00359	519
0.0035925	467
0.003595	470
0.0035975	466
0.0036	507
0.0036025	500
0.003605	478
0.0036075	434
0.00361	470
0.0036125	474
0.003615	490
0.0036175	461
0.00362	425
0.0036225	431
0.003625	440
0.0036275	478
0.00363	433
0.0036325	416
0.003635	476
0.0036375	396
0.00364	474
0.0036425	455
0.003645	432
0.0036475	420
0.00365	419
0.0036525	416
0.003655	474
0.0036575	431
0.00366	469
0.0036625	453
0.003665	432
0.0036675	429
0.00367	450
0.0036725	430
0.003675	409
0.0036775	406
0.00368	468
0.0036825	470
0.003685	439
0.0036875	416
0.00369	389
0.0036925	410
0.003695	441
0.0036975	438
0.0037	395
0.0037025	422
0.003705	435
0.0037075	392
0.00371	418
0.0037125	435
0.003715	434
0.0037175	388
0.00372	401
0.0037225	422
0.003725	421
0.0037275	397
0.00373	448
0.0037325	378
0.003735	398
0.0037375	434
0.00374	401
0.0037425	398
0.003745	412
0.0037475	417
0.00375	418
0.0037525	399
0.003755	407
0.0037575	395
0.00376	399
0.0037625	392
0.003765	399
0.0037675	380
0.00377	362
0.0037725	387
0.003775	361
0.0037775	390
0.00378	359
0.0037825	401
0.003785	460
0.0037875	353
0.00379	379
0.0037925	373
0.003795	381
0.0037975	384
0.0038	351
0.0038025	424
0.003805	375
0.0038075	389
0.00381	404
0.0038125	400
0.003815	392
0.0038175	363
0.00382	379
0.0038225	436
0.003825	393
0.0038275	359
0.00383	394
0.0038325	323
0.003835	383
0.0038375	329
0.00384	346
0.0038425	383
0.003845	350
0.0038475	344
0.00385	376
0.0038525	367
0.003855	391
0.0038575	389
0.00386	361
0.0038625	347
0.003865	344
0.0038675	335
0.00387	324
0.0038725	350
0.003875	315
0.0038775	376
0.00388	376
0.0038825	350
0.003885	333
0.0038875	340
0.00389	363
0.0038925	328
0.003895	343
0.0038975	396
0.0039	379
0.0039025	359
0.003905	343
0.0039075	354
0.00391	340
0.0039125	332
0.003915	336
0.0039175	332
0.00392	331
0.0039225	345
0.003925	353
0.0039275	349
0.00393	388
0.0039325	356
0.003935	360
0.0039375	327
0.00394	291
0.0039425	354
0.003945	381
0.0039475	338
0.00395	317
0.0039525	314
0.003955	337
0.0039575	363
0.00396	362
0.0039625	356
0.003965	361
0.0039675	301
0.00397	339
0.0039725	345
0.003975	353
0.0039775	317
0.00398	330
0.0039825	336
0.003985	339
0.0039875	316
0.00399	259
0.0039925	330
0.003995	359
0.0039975	349
0.004	327
0.0040025	326
0.004005	303
0.0040075	305
0.00401	316
0.0040125	297
0.004015	311
0.0040175	310
0.00402	309
0.0040225	300
0.004025	300
0.0040275	324
0.00403	297
0.0040325	345
0.004035	319
0.0040375	318
0.00404	325
0.0040425	270
0.004045	316
0.0040475	272
0.00405	317
0.0040525	289
0.004055	298
0.0040575	305
0.00406	341
0.0040625	322
0.004065	291
0.0040675	266
0.00407	311
0.0040725	278
0.004075	287
0.0040775	294
0.00408	287
0.0040825	265
0.004085	319
0.0040875	283
0.00409	317
0.0040925	286
0.004095	275
0.0040975	290
0.0041	312
0.0041025	293
0.004105	247
0.0041075	311
0.00411	303
0.0041125	269
0.004115	275
0.0041175	287
0.00412	311
0.0041225	262
0.004125	306
0.0041275	254
0.00413	241
0.0041325	316
0.004135	276
0.0041375	258
0.00414	256
0.0041425	261
0.004145	287
0.0041475	268
0.00415	315
0.0041525	285
0.004155	293
0.0041575	272
0.00416	274
0.0041625	266
0.004165	267
0.0041675	254
0.00417	263
0.0041725	254
0.004175	230
0.0041775	252
0.00418	284
0.0041825	263
0.004185	238
0.0041875	300
0.00419	293
0.0041925	276
0.004195	221
0.0041975	248
0.0042	227
0.0042025	259
0.004205	265
0.0042075	245
0.00421	243
0.0042125	268
0.004215	260
0.0042175	261
0.00422	222
0.0042225	263
0.004225	218
0.0042275	199
0.00423	226
0.0042325	229
0.004235	252
0.0042375	242
0.00424	263
0.0042425	227
0.004245	245
0.0042475	232
0.00425	235
0.0042525	244
0.004255	198
0.0042575	244
0.00426	237
0.0042625	209
0.004265	241
0.0042675	212
0.00427	238
0.0042725	253
0.004275	249
0.0042775	246
0.00428	198
0.0042825	219
0.004285	260
0.0042875	244
0.00429	231
0.0042925	252
0.004295	189
0.0042975	254
0.0043	251
0.0043025	198
0.004305	219
0.0043075	212
0.00431	240
0.0043125	240
0.004315	232
0.0043175	248
0.00432	200
0.0043225	227
0.004325	244
0.0043275	259
0.00433	174
0.0043325	211
0.004335	195
0.0043375	197
0.00434	229
0.0043425	261
0.004345	234
0.0043475	248
0.00435	242
0.0043525	200
0.004355	233
0.0043575	205
0.00436	237
0.0043625	230
0.004365	231
0.0043675	225
0.00437	224
0.0043725	234
0.004375	234
0.0043775	229
0.00438	231
0.0043825	217
0.004385	185
0.0043875	233
0.00439	204
0.0043925	179
0.004395	199
0.0043975	239
0.0044	208
0.0044025	195
0.004405	196
0.0044075	186
0.00441	220
0.0044125	220
0.004415	219
0.0044175	223
0.00442	222
0.0044225	227
0.004425	206
0.0044275	218
0.00443	180
0.0044325	195
0.004435	230
0.0044375	226
0.00444	205
0.0044425	198
0.004445	189
0.0044475	218
0.00445	188
0.0044525	197
0.004455	187
0.0044575	188
0.00446	177
0.0044625	177
0.004465	196
0.0044675	198
0.00447	222
0.0044725	217
0.004475	188
0.0044775	194
0.00448	194
0.0044825	238
0.004485	178
0.0044875	174
0.00449	190
0.0044925	172
0.004495	187
0.0044975	183
0.0045	178
0.0045025	206
0.004505	221
0.0045075	192
0.00451	196
0.0045125	219
0.004515	183
0.0045175	178
0.00452	160
0.0045225	187
0.004525	190
0.0045275	183
0.00453	185
0.0045325	147
0.004535	169
0.0045375	149
0.00454	196
0.0045425	184
0.004545	163
0.0045475	178
0.00455	171
0.0045525	168
0.004555	191
0.0045575	182
0.00456	174
0.0045625	187
0.004565	187
0.0045675	193
0.00457	215
0.0045725	191
0.004575	153
0.0045775	163
0.00458	146
0.0045825	165
0.004585	147
0.0045875	186
0.00459	202
0.0045925	178
0.004595	172
0.0045975	168
0.0046	180
0.0046025	157
0.004605	177
0.0046075	160
0.00461	159
0.0046125	165
0.004615	163
0.0046175	185
0.00462	174
0.0046225	177
0.004625	195
0.0046275	158
0.00463	188
0.0046325	184
0.004635	181
0.0046375	162
0.00464	165
0.0046425	136
0.004645	173
0.0046475	196
0.00465	150
0.0046525	162
0.004655	155
0.0046575	147
0.00466	179
0.0046625	181
0.004665	177
0.0046675	166
0.00467	171
0.0046725	164
0.004675	180
0.0046775	157
0.00468	176
0.0046825	149
0.004685	170
0.0046875	181
0.00469	165
0.0046925	167
0.004695	171
0.0046975	141
0.0047	156
0.0047025	188
0.004705	141
0.0047075	138
0.00471	143
0.0047125	151
0.004715	129
0.0047175	160
0.00472	153
0.0047225	195
0.004725	155
0.0047275	129
0.00473	139
0.0047325	158
0.004735	172
0.0047375	147
0.00474	148
0.0047425	144
0.004745	119
0.0047475	135
0.00475	137
0.0047525	132
0.004755	151
0.0047575	134
0.00476	137
0.0047625	148
0.004765	127
0.0047675	142
0.00477	142
0.0047725	126
0.004775	141
0.0047775	108
0.00478	126
0.0047825	148
0.004785	151
0.0047875	138
0.00479	130
0.0047925	143
0.004795	120
0.0047975	122
0.0048	131
0.0048025	148
0.004805	154
0.0048075	134
0.00481	128
0.0048125	158
0.004815	150
0.0048175	156
0.00482	124
0.0048225	153
0.004825	141
0.0048275	150
0.00483	153
0.0048325	127
0.004835	118
0.0048375	140
0.00484	146
0.0048425	128
0.004845	100
0.0048475	131
0.00485	143
0.0048525	141
0.004855	160
0.0048575	131
0.00486	92
0.0048625	145
0.004865	126
0.0048675	154
0.00487	130
0.0048725	135
0.004875	120
0.0048775	107
0.00488	115
0.0048825	145
0.004885	133
0.0048875	126
0.00489	131
0.0048925	159
0.004895	159
0.0048975	141
0.0049	141
0.0049025	138
0.004905	119
0.0049075	142
0.00491	156
0.0049125	149
0.004915	121
0.0049175	118
0.00492	118
0.0049225	128
0.004925	154
0.0049275	143
0.00493	148
0.0049325	145
0.004935	129
0.0049375	113
0.00494	122
0.0049425	117
0.004945	111
0.0049475	110
0.00495	104
0.0049525	115
0.004955	104
0.0049575	133
0.00496	151
0.0049625	142
0.004965	137
0.0049675	122
0.00497	108
0.0049725	131
0.004975	115
0.0049775	134
0.00498	126
0.0049825	94
0.004985	118
0.0049875	121
0.00499	113
0.0049925	114
0.004995	129
0.0049975	104
0.005	120
0.0050025	124
0.005005	106
0.0050075	135
0.00501	103
0.0050125	121
0.005015	123
0.0050175	90
0.00502	96
0.0050225	109
0.005025	102
0.0050275	86
0.00503	117
0.0050325	101
0.005035	118
0.0050375	110
0.00504	139
0.0050425	113
0.005045	108
0.0050475	110
0.00505	135
0.0050525	99
0.005055	79
0.0050575	118
0.00506	110
0.0050625	125
0.005065	114
0.0050675	122
0.00507	97
0.0050725	86
0.005075	123
0.0050775	107
0.00508	104
0.0050825	101
0.005085	106
0.0050875	109
0.00509	99
0.0050925	88
0.005095	93
0.0050975	121
0.0051	99
0.0051025	85
0.005105	93
0.0051075	102
0.00511	82
0.0051125	97
0.005115	103
0.0051175	99
0.00512	83
0.0051225	97
0.005125	113
0.0051275	101
0.00513	126
0.0051325	118
0.005135	91
0.0051375	105
0.00514	101
0.0051425	110
0.005145	63
0.0051475	82
0.00515	118
0.0051525	115
0.005155	80
0.0051575	111
0.00516	112
0.0051625	88
0.005165	88
0.0051675	116
0.00517	133
0.0051725	90
0.005175	95
0.0051775	118
0.00518	94
0.0051825	101
0.005185	87
0.0051875	96
0.00519	75
0.0051925	113
0.005195	71
0.0051975	94
0.0052	99
0.0052025	82
0.005205	78
0.0052075	90
0.00521	85
0.0052125	94
0.005215	100
0.0052175	88
0.00522	99
0.0052225	104
0.005225	97
0.0052275	86
0.00523	76
0.0052325	84
0.005235	114
0.0052375	64
0.00524	79
0.0052425	60
0.005245	90
0.0052475	91
0.00525	92
0.0052525	92
0.005255	104
0.0052575	98
0.00526	87
0.0052625	92
0.005265	83
0.0052675	80
0.00527	98
0.0052725	100
0.005275	84
0.0052775	106
0.00528	82
0.0052825	79
0.005285	76
0.0052875	84
0.00529	74
0.0052925	90
0.005295	92
0.0052975	83
0.0053	87
0.0053025	82
0.005305	67
0.0053075	72
0.00531	101
0.0053125	75
0.005315	85
0.0053175	103
0.00532	78
0.0053225	76
0.005325	78
0.0053275	91
0.00533	74
0.0053325	73
0.005335	80
0.0053375	63
0.00534	75
0.0053425	102
0.005345	97
0.0053475	69
0.00535	101
0.0053525	72
0.005355	66
0.0053575	83
0.00536	95
0.0053625	77
0.005365	77
0.0053675	59
0.00537	66
0.0053725	74
0.005375	76
0.0053775	68
0.00538	84
0.0053825	93
0.005385	78
0.0053875	64
0.00539	87
0.0053925	70
0.005395	71
0.0053975	70
0.0054	70
0.0054025	84
0.005405	57
0.0054075	67
0.00541	67
0.0054125	76
0.005415	70
0.0054175	75
0.00542	75
0.0054225	88
0.005425	58
0.0054275	79
0.00543	88
0.0054325	69
0.005435	79
0.0054375	75
0.00544	70
0.0054425	71
0.005445	56
0.0054475	86
0.00545	62
0.0054525	72
0.005455	81
0.0054575	91
0.00546	67
0.0054625	68
0.005465	69
0.0054675	56
0.00547	83
0.0054725	65
0.005475	69
0.0054775	71
0.00548	78
0.0054825	65
0.005485	81
0.0054875	68
0.00549	70
0.0054925	55
0.005495	68
0.0054975	76
0.0055	61
0.0055025	82
0.005505	70
0.0055075	58
0.00551	78
0.0055125	87
0.005515	62
0.0055175	63
0.00552	74
0.0055225	54
0.005525	58
0.0055275	82
0.00553	70
0.0055325	83
0.005535	72
0.0055375	67
0.00554	60
0.0055425	42
0.005545	59
0.0055475	65
0.00555	57
0.0055525	64
0.005555	64
0.0055575	88
0.00556	74
0.0055625	45
0.005565	58
0.0055675	66
0.00557	51
0.0055725	66
0.005575	54
0.0055775	50
0.00558	56
0.0055825	65
0.005585	77
0.0055875	79
0.00559	58
0.0055925	53
0.005595	58
0.0055975	57
0.0056	66
0.0056025	61
0.005605	76
0.0056075	67
0.00561	67
0.0056125	83
0.005615	68
0.0056175	56
0.00562	73
0.0056225	73
0.005625	71
0.0056275	53
0.00563	54
0.0056325	65
0.005635	53
0.0056375	43
0.00564	60
0.0056425	76
0.005645	53
0.0056475	74
0.00565	62
0.0056525	57
0.005655	43
0.0056575	74
0.00566	72
0.0056625	72
0.005665	63
0.0056675	45
0.00567	61
0.0056725	65
0.005675	52
0.0056775	60
0.00568	58
0.0056825	61
0.005685	61
0.0056875	63
0.00569	58
0.0056925	55
0.005695	65
0.0056975	66
0.0057	57
0.0057025	72
0.005705	58
0.0057075	60
0.00571	57
0.0057125	49
0.005715	56
0.0057175	56
0.00572	56
0.0057225	57
0.005725	53
0.0057275	56
0.00573	58
0.0057325	60
0.005735	41
0.0057375	55
0.00574	48
0.0057425	40
0.005745	49
0.0057475	63
0.00575	54
0.0057525	49
0.005755	74
0.0057575	69
0.00576	63
0.0057625	70
0.005765	68
0.0057675	42
0.00577	73
0.0057725	52
0.005775	45
0.0057775	52
0.00578	47
0.0057825	49
0.005785	54
0.0057875	72
0.00579	59
0.0057925	52
0.005795	49
0.0057975	54
0.0058	64
0.0058025	66
0.005805	52
0.0058075	51
0.00581	47
0.0058125	59
0.005815	44
0.0058175	48
0.00582	51
0.0058225	66
0.005825	36
0.0058275	46
0.00583	43
0.0058325	40
0.005835	54
0.0058375	56
0.00584	49
0.0058425	35
0.005845	59
0.0058475	52
0.00585	52
0.0058525	50
0.005855	45
0.0058575	61
0.00586	56
0.0058625	47
0.005865	56
0.0058675	42
0.00587	57
0.0058725	45
0.005875	49
0.0058775	37
0.00588	45
0.0058825	60
0.005885	37
0.0058875	46
0.00589	42
0.0058925	44
0.005895	48
0.0058975	51
0.0059	57
0.0059025	52
0.005905	43
0.0059075	42
0.00591	52
0.0059125	50
0.005915	38
0.0059175	39
0.00592	38
0.0059225	42
0.005925	54
0.0059275	49
0.00593	45
0.0059325	43
0.005935	42
0.0059375	68
0.00594	51
0.0059425	30
0.005945	35
0.0059475	43
0.00595	51
0.0059525	58
0.005955	39
0.0059575	62
0.00596	51
0.0059625	48
0.005965	52
0.0059675	47
0.00597	39
0.0059725	48
0.005975	35
0.0059775	45
0.00598	38
0.0059825	50
0.005985	29
0.0059875	33
0.00599	47
0.0059925	49
0.005995	43
0.0059975	36
0.006	39
0.0060025	52
0.006005	44
0.0060075	46
0.00601	36
0.0060125	43
0.006015	35
0.0060175	34
0.00602	37
0.0060225	62
0.006025	42
0.0060275	42
0.00603	45
0.0060325	51
0.006035	43
0.0060375	43
0.00604	32
0.0060425	45
0.006045	53
0.0060475	31
0.00605	35
0.0060525	48
0.006055	72
0.0060575	41
0.00606	42
0.0060625	34
0.006065	53
0.0060675	30
0.00607	35
0.0060725	39
0.006075	41
0.0060775	31
0.00608	44
0.0060825	37
0.006085	29
0.0060875	29
0.00609	44
0.0060925	46
0.006095	36
0.0060975	44
0.0061	32
0.0061025	35
0.006105	42
0.0061075	39
0.00611	30
0.0061125	31
0.006115	30
0.0061175	54
0.00612	44
0.0061225	32
0.006125	41
0.0061275	40
0.00613	50
0.0061325	33
0.006135	48
0.0061375	44
0.00614	43
0.0061425	20
0.006145	38
0.0061475	46
0.00615	32
0.0061525	51
0.006155	35
0.0061575	37
0.00616	28
0.0061625	22
0.006165	56
0.0061675	34
0.00617	32
0.0061725	31
0.006175	29
0.0061775	51
0.00618	45
0.0061825	20
0.006185	40
0.0061875	37
0.00619	43
0.0061925	45
0.006195	50
0.0061975	43
0.0062	43
0.0062025	33
0.006205	27
0.0062075	40
0.00621	38
0.0062125	30
0.006215	27
0.0062175	42
0.00622	35
0.0062225	44
0.006225	23
0.0062275	34
0.00623	28
0.0062325	26
0.006235	56
0.0062375	46
0.00624	33
0.0062425	28
0.006245	37
0.0062475	35
0.00625	34
0.0062525	36
0.006255	41
0.0062575	35
0.00626	43
0.0062625	40
0.006265	25
0.0062675	36
0.00627	28
0.0062725	24
0.006275	29
0.0062775	27
0.00628	43
0.0062825	35
0.006285	20
0.0062875	35
0.00629	38
0.0062925	22
0.006295	23
0.0062975	30
0.0063	27
0.0063025	33
0.006305	28
0.0063075	25
0.00631	23
0.0063125	34
0.006315	28
0.0063175	40
0.00632	34
0.0063225	30
0.006325	33
0.0063275	45
0.00633	21
0.0063325	40
0.006335	24
0.0063375	31
0.00634	32
0.0063425	40
0.006345	23
0.0063475	32
0.00635	22
0.0063525	34
0.006355	39
0.0063575	34
0.00636	28
0.0063625	41
0.006365	36
0.0063675	32
0.00637	25
0.0063725	31
0.006375	39
0.0063775	37
0.00638	26
0.0063825	46
0.006385	29
0.0063875	40
0.00639	34
0.0063925	40
0.006395	36
0.0063975	30
0.0064	41
0.0064025	20
0.006405	23
0.0064075	32
0.00641	30
0.0064125	34
0.006415	32
0.0064175	29
0.00642	31
0.0064225	28
0.006425	22
0.0064275	31
0.00643	32
0.0064325	40
0.006435	32
0.0064375	37
0.00644	22
0.0064425	24
0.006445	39
0.0064475	35
0.00645	32
0.0064525	30
0.006455	26
0.0064575	25
0.00646	19
0.0064625	20
0.006465	22
0.0064675	18
0.00647	23
0.0064725	27
0.006475	26
0.0064775	29
0.00648	22
0.0064825	32
0.006485	21
0.0064875	34
0.00649	27
0.0064925	20
0.006495	30
0.0064975	27
0.0065	37
0.0065025	34
0.006505	20
0.0065075	22
0.00651	22
0.0065125	25
0.006515	17
0.0065175	32
0.00652	26
0.0065225	21
0.006525	28
0.0065275	27
0.00653	29
0.0065325	34
0.006535	33
0.0065375	23
0.00654	46
0.0065425	39
0.006545	18
0.0065475	13
0.00655	20
0.0065525	21
0.006555	21
0.0065575	32
0.00656	18
0.0065625	19
0.006565	30
0.0065675	18
0.00657	19
0.0065725	22
0.006575	38
0.0065775	36
0.00658	19
0.0065825	22
0.006585	28
0.0065875	30
0.00659	32
0.0065925	26
0.006595	29
0.0065975	46
0.0066	28
0.0066025	24
0.006605	23
0.0066075	25
0.00661	26
0.0066125	12
0.006615	20
0.0066175	21
0.00662	22
0.0066225	27
0.006625	23
0.0066275	34
0.00663	26
0.0066325	26
0.006635	31
0.0066375	32
0.00664	22
0.0066425	31
0.006645	11
0.0066475	24
0.00665	30
0.0066525	33
0.006655	17
0.0066575	26
0.00666	14
0.0066625	15
0.006665	25
0.0066675	17
0.00667	34
0.0066725	16
0.006675	19
0.0066775	21
0.00668	18
0.0066825	22
0.006685	17
0.0066875	23
0.00669	32
0.0066925	23
0.006695	22
0.0066975	18
0.0067	30
0.0067025	20
0.006705	23
0.0067075	25
0.00671	16
0.0067125	13
0.006715	21
0.0067175	16
0.00672	22
0.0067225	31
0.006725	17
0.0067275	19
0.00673	14
0.0067325	30
0.006735	36
0.0067375	19
0.00674	21
0.0067425	17
0.006745	21
0.0067475	35
0.00675	32
0.0067525	16
0.006755	23
0.0067575	24
0.00676	22
0.0067625	18
0.006765	12
0.0067675	20
0.00677	19
0.0067725	13
0.006775	19
0.0067775	21
0.00678	15
0.0067825	28
0.006785	19
0.0067875	22
0.00679	31
0.0067925	16
0.006795	14
0.0067975	32
0.0068	32
0.0068025	15
0.006805	13
0.0068075	9
0.00681	19
0.0068125	19
0.006815	14
0.0068175	18
0.00682	20
0.0068225	12
0.006825	10
0.0068275	15
0.00683	24
0.0068325	12
0.006835	16
0.0068375	17
0.00684	16
0.0068425	25
0.006845	21
0.0068475	24
0.00685	27
0.0068525	21
0.006855	20
0.0068575	13
0.00686	27
0.0068625	24
0.006865	24
0.0068675	21
0.00687	15
0.0068725	30
0.006875	23
0.0068775	17
0.00688	12
0.0068825	20
0.006885	23
0.0068875	22
0.00689	30
0.0068925	27
0.006895	27
0.0068975	20
0.0069	11
0.0069025	17
0.006905	13
0.0069075	18
0.00691	19
0.0069125	16
0.006915	20
0.0069175	21
0.00692	15
0.0069225	17
0.006925	16
0.0069275	23
0.00693	17
0.0069325	22
0.006935	10
0.0069375	17
0.00694	14
0.0069425	19
0.006945	21
0.0069475	15
0.00695	13
0.0069525	17
0.006955	26
0.0069575	13
0.00696	18
0.0069625	11
0.006965	13
0.0069675	26
0.00697	26
0.0069725	28
0.006975	9
0.0069775	8
0.00698	10
0.0069825	16
0.006985	19
0.0069875	23
0.00699	29
0.0069925	14
0.006995	15
0.0069975	22
0.007	13
0.0070025	16
0.007005	13
0.0070075	18
0.00701	18
0.0070125	9
0.007015	15
0.0070175	34
0.00702	12
0.0070225	27
0.007025	22
0.0070275	18
0.00703	20
0.0070325	17
0.007035	13
0.0070375	10
0.00704	13
0.0070425	13
0.007045	26
0.0070475	23
0.00705	15
0.0070525	22
0.007055	15
0.0070575	30
0.00706	27
0.0070625	18
0.007065	14
0.0070675	26
0.00707	13
0.0070725	20
0.007075	12
0.0070775	16
0.00708	23
0.0070825	16
0.007085	13
0.0070875	9
0.00709	16
0.0070925	14
0.007095	11
0.0070975	10
0.0071	16
0.0071025	18
0.007105	22
0.0071075	28
0.00711	24
0.0071125	20
0.007115	22
0.0071175	10
0.00712	7
0.0071225	12
0.007125	24
0.0071275	12
0.00713	10
0.0071325	14
0.007135	14
0.0071375	15
0.00714	12
0.0071425	13
0.007145	19
0.0071475	12
0.00715	15
0.0071525	15
0.007155	19
0.0071575	10
0.00716	19
0.0071625	14
0.007165	10
0.0071675	15
0.00717	18
0.0071725	11
0.007175	11
0.0071775	14
0.00718	25
0.0071825	14
0.007185	8
0.0071875	22
0.00719	17
0.0071925	22
0.007195	20
0.0071975	15
0.0072	12
0.0072025	14
0.007205	11
0.0072075	19
0.00721	12
0.0072125	18
0.007215	9
0.0072175	7
0.00722	19
0.0072225	19
0.007225	29
0.0072275	9
0.00723	8
0.0072325	15
0.007235	18
0.0072375	10
0.00724	13
0.0072425	11
0.007245	9
0.0072475	16
0.00725	11
0.0072525	18
0.007255	21
0.0072575	17
0.00726	12
0.0072625	14
0.007265	17
0.0072675	12
0.00727	15
0.0072725	11
0.007275	15
0.0072775	10
0.00728	20
0.0072825	21
0.007285	13
0.0072875	9
0.00729	18
0.0072925	10
0.007295	14
0.0072975	18
0.0073	17
0.0073025	15
0.007305	11
0.0073075	11
0.00731	18
0.0073125	28
0.007315	27
0.0073175	16
0.00732	16
0.0073225	25
0.007325	12
0.0073275	11
0.00733	18
0.0073325	7
0.007335	16
0.0073375	8
0.00734	16
0.0073425	9
0.007345	6
0.0073475	8
0.00735	12
0.0073525	9
0.007355	10
0.0073575	12
0.00736	11
0.0073625	11
0.007365	15
0.0073675	12
0.00737	10
0.0073725	14
0.007375	12
0.0073775	13
0.00738	19
0.0073825	13
0.007385	18
0.0073875	11
0.00739	20
0.0073925	15
0.007395	12
0.0073975	9
0.0074	19
0.0074025	11
0.007405	17
0.0074075	7
0.00741	15
0.0074125	14
0.007415	14
0.0074175	16
0.00742	24
0.0074225	13
0.007425	12
0.0074275	15
0.00743	18
0.0074325	7
0.007435	13
0.0074375	13
0.00744	6
0.0074425	11
0.007445	11
0.0074475	8
0.00745	13
0.0074525	8
0.007455	17
0.0074575	7
0.00746	17
0.0074625	15
0.007465	8
0.0074675	12
0.00747	14
0.0074725	24
0.007475	13
0.0074775	11
0.00748	15
0.0074825	7
0.007485	7
0.0074875	2
0.00749	7
0.0074925	9
0.007495	8
0.0074975	15
0.0075	13
0.0075025	14
0.007505	13
0.0075075	6
0.00751	21
0.0075125	13
0.007515	10
0.0075175	12
0.00752	14
0.0075225	13
0.007525	16
0.0075275	5
0.00753	5
0.0075325	5
0.007535	13
0.0075375	12
0.00754	8
0.0075425	17
0.007545	15
0.0075475	14
0.00755	16
0.0075525	8
0.007555	14
0.0075575	11
0.00756	9
0.0075625	10
0.007565	8
0.0075675	13
0.00757	28
0.0075725	4
0.007575	14
0.0075775	16
0.00758	11
0.0075825	14
0.007585	19
0.0075875	17
0.00759	7
0.0075925	7
0.007595	13
0.0075975	18
0.0076	5
0.0076025	14
0.007605	8
0.0076075	10
0.00761	11
0.0076125	12
0.007615	9
0.0076175	8
0.00762	7
0.0076225	9
0.007625	14
0.0076275	19
0.00763	6
0.0076325	6
0.007635	9
0.0076375	10
0.00764	20
0.0076425	17
0.007645	19
0.0076475	5
0.00765	8
0.0076525	6
0.007655	6
0.0076575	22
0.00766	1
0.0076625	10
0.007665	9
0.0076675	4
0.00767	10
0.0076725	11
0.007675	13
0.0076775	8
0.00768	5
0.0076825	8
0.007685	11
0.0076875	9
0.00769	13
0.0076925	10
0.007695	6
0.0076975	9
0.0077	10
0.0077025	14
0.007705	11
0.0077075	12
0.00771	15
0.0077125	7
0.007715	16
0.0077175	8
0.00772	4
0.0077225	9
0.007725	9
0.0077275	12
0.00773	10
0.0077325	19
0.007735	8
0.0077375	15
0.00774	12
0.0077425	12
0.007745	8
0.0077475	6
0.00775	5
0.0077525	8
0.007755	8
0.0077575	7
0.00776	11
0.0077625	14
0.007765	5
0.0077675	10
0.00777	11
0.0077725	14
0.007775	12
0.0077775	14
0.00778	5
0.0077825	10
0.007785	10
0.0077875	8
0.00779	10
0.0077925	4
0.007795	12
0.0077975	11
0.0078	8
0.0078025	4
0.007805	8
0.0078075	7
0.00781	14
0.0078125	6
0.007815	9
0.0078175	7
0.00782	5
0.0078225	10
0.007825	3
0.0078275	4
0.00783	16
0.0078325	10
0.007835	10
0.0078375	11
0.00784	5
0.0078425	6
0.007845	9
0.0078475	15
0.00785	8
0.0078525	3
0.007855	11
0.0078575	10
0.00786	11
0.0078625	9
0.007865	8
0.0078675	2
0.00787	19
0.0078725	12
0.007875	5
0.0078775	4
0.00788	9
0.0078825	20
0.007885	7
0.0078875	12
0.00789	7
0.0078925	8
0.007895	7
0.0078975	9
0.0079	2
0.0079025	11
0.007905	15
0.0079075	8
0.00791	12
0.0079125	5
0.007915	7
0.0079175	7
0.00792	17
0.0079225	10
0.007925	6
0.0079275	14
0.00793	10
0.0079325	1
0.007935	9
0.0079375	4
0.00794	8
0.0079425	7
0.007945	12
0.0079475	8
0.00795	6
0.0079525	11
0.007955	10
0.0079575	6
0.00796	14
0.0079625	9
0.007965	13
0.0079675	7
0.00797	8
0.0079725	15
0.007975	6
0.0079775	8
0.00798	6
0.0079825	8
0.007985	9
0.0079875	8
0.00799	7
0.0079925	10
0.007995	4
0.0079975	10
0.008	14
0.0080025	8
0.008005	9
0.0080075	9
0.00801	7
0.0080125	1
0.008015	13
0.0080175	8
0.00802	8
0.0080225	14
0.008025	11
0.0080275	11
0.00803	6
0.0080325	2
0.008035	8
0.0080375	8
0.00804	6
0.0080425	6
0.008045	10
0.0080475	16
0.00805	5
0.0080525	5
0.008055	10
0.0080575	7
0.00806	5
0.0080625	4
0.008065	13
0.0080675	22
0.00807	11
0.0080725	8
0.008075	2
0.0080775	10
0.00808	11
0.0080825	7
0.008085	10
0.0080875	12
0.00809	6
0.0080925	10
0.008095	10
0.0080975	9
0.0081	8
0.0081025	10
0.008105	17
0.0081075	11
0.00811	11
0.0081125	9
0.008115	8
0.0081175	8
0.00812	12
0.0081225	17
0.008125	8
0.0081275	9
0.00813	7
0.0081325	9
0.008135	5
0.0081375	4
0.00814	9
0.0081425	3
0.008145	6
0.0081475	10
0.00815	6
0.0081525	12
0.008155	16
0.0081575	18
0.00816	9
0.0081625	6
0.008165	7
0.0081675	3
0.00817	4
0.0081725	9
0.008175	9
0.0081775	4
0.00818	14
0.0081825	9
0.008185	12
0.0081875	17
0.00819	9
0.0081925	11
0.008195	6
0.0081975	13
0.0082	8
0.0082025	7
0.008205	7
0.0082075	5
0.00821	8
0.0082125	5
0.008215	6
0.0082175	12
0.00822	6
0.0082225	2
0.008225	9
0.0082275	6
0.00823	11
0.0082325	10
0.008235	11
0.0082375	8
0.00824	5
0.0082425	7
0.008245	8
0.0082475	9
0.00825	4
0.0082525	8
0.008255	7
0.0082575	11
0.00826	2
0.0082625	5
0.008265	3
0.0082675	7
0.00827	11
0.0082725	8
0.008275	4
0.0082775	3
0.00828	7
0.0082825	6
0.008285	2
0.0082875	4
0.00829	14
0.0082925	13
0.008295	8
0.0082975	7
0.0083	7
0.0083025	9
0.008305	19
0.0083075	10
0.00831	6
0.0083125	7
0.008315	9
0.0083175	13
0.00832	10
0.0083225	6
0.008325	9
0.0083275	1
0.00833	2
0.0083325	5
0.008335	11
0.0083375	5
0.00834	3
0.0083425	12
0.008345	2
0.0083475	2
0.00835	6
0.0083525	9
0.008355	10
0.0083575	3
0.00836	8
0.0083625	17
0.008365	12
0.0083675	14
0.00837	6
0.0083725	2
0.008375	17
0.0083775	6
0.00838	8
0.0083825	12
0.008385	17
0.0083875	6
0.00839	7
0.0083925	6
0.008395	7
0.0083975	4
0.0084	11
0.0084025	5
0.008405	7
0.0084075	6
0.00841	6
0.0084125	17
0.008415	5
0.0084175	1
0.00842	3
0.0084225	8
0.008425	7
0.0084275	6
0.00843	9
0.0084325	7
0.008435	5
0.0084375	7
0.00844	8
0.0084425	3
0.008445	7
0.0084475	3
0.00845	10
0.0084525	3
0.008455	6
0.0084575	10
0.00846	16
0.0084625	19
0.008465	8
0.0084675	11
0.00847	14
0.0084725	13
0.008475	6
0.0084775	5
0.00848	8
0.0084825	2
0.008485	3
0.0084875	6
0.00849	2
0.0084925	3
0.008495	2
0.0084975	6
0.0085	2
0.0085025	6
0.008505	7
0.0085075	8
0.00851	2
0.0085125	7
0.008515	17
0.0085175	8
0.00852	7
0.0085225	3
0.008525	11
0.0085275	1
0.00853	8
0.0085325	9
0.008535	9
0.0085375	0
0.00854	5
0.0085425	9
0.008545	11
0.0085475	9
0.00855	3
0.0085525	8
0.008555	10
0.0085575	4
0.00856	8
0.0085625	9
0.008565	6
0.0085675	6
0.00857	7
0.0085725	4
0.008575	8
0.0085775	6
0.00858	6
0.0085825	11
0.008585	1
0.0085875	6
0.00859	4
0.0085925	11
0.008595	6
0.0085975	7
0.0086	2
0.0086025	1
0.008605	7
0.0086075	5
0.00861	12
0.0086125	6
0.008615	6
0.0086175	1
0.00862	4
0.0086225	3
0.008625	11
0.0086275	6
0.00863	6
0.0086325	5
0.008635	7
0.0086375	3
0.00864	1
0.0086425	11
0.008645	3
0.0086475	7
0.00865	1
0.0086525	9
0.008655	10
0.0086575	6
0.00866	3
0.0086625	10
0.008665	5
0.0086675	8
0.00867	5
0.0086725	7
0.008675	12
0.0086775	7
0.00868	4
0.0086825	5
0.008685	7
0.0086875	8
0.00869	6
0.0086925	1
0.008695	3
0.0086975	3
0.0087	2
0.0087025	17
0.008705	3
0.0087075	15
0.00871	10
0.0087125	3
0.008715	1
0.0087175	0
0.00872	7
0.0087225	9
0.008725	6
0.0087275	3
0.00873	4
0.0087325	8
0.008735	2
0.0087375	4
0.00874	9
0.0087425	4
0.008745	7
0.0087475	4
0.00875	3
0.0087525	1
0.008755	5
0.0087575	7
0.00876	7
0.0087625	9
0.008765	3
0.0087675	2
0.00877	11
0.0087725	9
0.008775	5
0.0087775	6
0.00878	9
0.0087825	4
0.008785	2
0.0087875	4
0.00879	6
0.0087925	6
0.008795	1
0.0087975	3
0.0088	4
0.0088025	6
0.008805	6
0.0088075	4
0.00881	7
0.0088125	5
0.008815	6
0.0088175	4
0.00882	7
0.0088225	6
0.008825	5
0.0088275	5
0.00883	0
0.0088325	9
0.008835	4
0.0088375	1
0.00884	3
0.0088425	4
0.008845	3
0.0088475	6
0.00885	5
0.0088525	4
0.008855	9
0.0088575	3
0.00886	4
0.0088625	3
0.008865	4
0.0088675	3
0.00887	1
0.0088725	2
0.008875	6
0.0088775	4
0.00888	1
0.0088825	10
0.008885	1
0.0088875	4
0.00889	6
0.0088925	8
0.008895	7
0.0088975	9
0.0089	2
0.0089025	4
0.008905	3
0.0089075	6
0.00891	9
0.0089125	14
0.008915	6
0.0089175	4
0.00892	7
0.0089225	6
0.008925	7
0.0089275	4
0.00893	8
0.0089325	5
0.008935	5
0.0089375	1
0.00894	6
0.0089425	6
0.008945	5
0.0089475	3
0.00895	12
0.0089525	11
0.008955	6
0.0089575	4
0.00896	5
0.0089625	6
0.008965	5
0.0089675	5
0.00897	4
0.0089725	2
0.008975	5
0.0089775	18
0.00898	3
0.0089825	8
0.008985	3
0.0089875	14
0.00899	8
0.0089925	9
0.008995	8
0.0089975	4
0.009	1
0.0090025	2
0.009005	2
0.0090075	4
0.00901	2
0.0090125	16
0.009015	10
0.0090175	4
0.00902	3
0.0090225	3
0.009025	4
0.0090275	11
0.00903	7
0.0090325	5
0.009035	7
0.0090375	4
0.00904	3
0.0090425	3
0.009045	7
0.0090475	2
0.00905	3
0.0090525	3
0.009055	8
0.0090575	9
0.00906	8
0.0090625	3
0.009065	2
0.0090675	5
0.00907	5
0.0090725	7
0.009075	3
0.0090775	7
0.00908	2
0.0090825	3
0.009085	13
0.0090875	5
0.00909	0
0.0090925	6
0.009095	7
0.0090975	4
0.0091	6
0.0091025	4
0.009105	3
0.0091075	5
0.00911	10
0.0091125	5
0.009115	4
0.0091175	6
0.00912	1
0.0091225	6
0.009125	4
0.0091275	1
0.00913	2
0.0091325	2
0.009135	12
0.0091375	1
0.00914	3
0.0091425	5
0.009145	8
0.0091475	3
0.00915	1
0.0091525	5
0.009155	5
0.0091575	9
0.00916	4
0.0091625	4
0.009165	4
0.0091675	4
0.00917	2
0.0091725	7
0.009175	2
0.0091775	3
0.00918	5
0.0091825	3
0.009185	4
0.0091875	6
0.00919	4
0.0091925	6
0.009195	5
0.0091975	7
0.0092	8
0.0092025	7
0.009205	9
0.0092075	6
0.00921	1
0.0092125	1
0.009215	4
0.0092175	4
0.00922	7
0.0092225	4
0.009225	7
0.0092275	8
0.00923	3
0.0092325	6
0.009235	0
0.0092375	5
0.00924	9
0.0092425	15
0.009245	5
0.0092475	7
0.00925	4
0.0092525	6
0.009255	7
0.0092575	6
0.00926	4
0.0092625	3
0.009265	5
0.0092675	2
0.00927	0
0.0092725	1
0.009275	0
0.0092775	3
0.00928	4
0.0092825	3
0.009285	3
0.0092875	5
0.00929	7
0.0092925	6
0.009295	2
0.0092975	9
0.0093	3
0.0093025	6
0.009305	12
0.0093075	1
0.00931	5
0.0093125	16
0.009315	6
0.0093175	2
0.00932	8
0.0093225	3
0.009325	7
0.0093275	9
0.00933	2
0.0093325	6
0.009335	1
0.0093375	2
0.00934	5
0.0093425	3
0.009345	0
0.0093475	3
0.00935	3
0.0093525	5
0.009355	0
0.0093575	4
0.00936	3
0.0093625	4
0.009365	4
0.0093675	1
0.00937	5
0.0093725	2
0.009375	8
0.0093775	9
0.00938	2
0.0093825	2
0.009385	1
0.0093875	7
0.00939	6
0.0093925	4
0.009395	1
0.0093975	0
0.0094	2
0.0094025	6
0.009405	8
0.0094075	3
0.00941	11
0.0094125	4
0.009415	1
0.0094175	2
0.00942	2
0.0094225	5
0.009425	5
0.0094275	1
0.00943	5
0.0094325	7
0.009435	6
0.0094375	5
0.00944	7
0.0094425	3
0.009445	3
0.0094475	2
0.00945	6
0.0094525	6
0.009455	6
0.0094575	2
0.00946	1
0.0094625	4
0.009465	4
0.0094675	5
0.00947	2
0.0094725	2
0.009475	2
0.0094775	3
0.00948	3
0.0094825	1
0.009485	4
0.0094875	1
0.00949	2
0.0094925	7
0.009495	9
0.0094975	7
0.0095	0
0.0095025	3
0.009505	1
0.0095075	9
0.00951	7
0.0095125	3
0.009515	5
0.0095175	4
0.00952	3
0.0095225	1
0.009525	1
0.0095275	3
0.00953	3
0.0095325	8
0.009535	1
0.0095375	6
0.00954	5
0.0095425	7
0.009545	2
0.0095475	3
0.00955	1
0.0095525	2
0.009555	4
0.0095575	2
0.00956	4
0.0095625	4
0.009565	2
0.0095675	2
0.00957	4
0.0095725	3
0.009575	4
0.0095775	5
0.00958	2
0.0095825	6
0.009585	1
0.0095875	4
0.00959	2
0.0095925	1
0.009595	10
0.0095975	3
0.0096	2
0.0096025	2
0.009605	7
0.0096075	5
0.00961	7
0.0096125	1
0.009615	1
0.0096175	0
0.00962	3
0.0096225	5
0.009625	5
0.0096275	4
0.00963	8
0.0096325	5
0.009635	6
0.0096375	1
0.00964	10
0.0096425	4
0.009645	4
0.0096475	4
0.00965	5
0.0096525	11
0.009655	6
0.0096575	4
0.00966	1
0.0096625	7
0.009665	2
0.0096675	3
0.00967	7
0.0096725	4
0.009675	1
0.0096775	3
0.00968	4
0.0096825	3
0.009685	12
0.0096875	9
0.00969	2
0.0096925	8
0.009695	2
0.0096975	1
0.0097	2
0.0097025	4
0.009705	4
0.0097075	6
0.00971	8
0.0097125	0
0.009715	2
0.0097175	8
0.00972	3
0.0097225	0
0.009725	2
0.0097275	4
0.00973	9
0.0097325	9
0.009735	4
0.0097375	2
0.00974	4
0.0097425	15
0.009745	4
0.0097475	3
0.00975	3
0.0097525	4
0.009755	0
0.0097575	6
0.00976	8
0.0097625	14
0.009765	4
0.0097675	2
0.00977	0
0.0097725	0
0.009775	2
0.0097775	3
0.00978	1
0.0097825	6
0.009785	7
0.0097875	9
0.00979	6
0.0097925	5
0.009795	2
0.0097975	4
0.0098	1
0.0098025	5
0.009805	9
0.0098075	2
0.00981	7
0.0098125	8
0.009815	0
0.0098175	1
0.00982	6
0.0098225	1
0.009825	6
0.0098275	3
0.00983	5
0.0098325	3
0.009835	1
0.0098375	2
0.00984	4
0.0098425	2
0.009845	3
0.0098475	9
0.00985	3
0.0098525	2
0.009855	1
0.0098575	3
0.00986	3
0.0098625	2
0.009865	3
0.0098675	4
0.00987	2
0.0098725	8
0.009875	9
0.0098775	6
0.00988	2
0.0098825	4
0.009885	3
0.0098875	3
0.00989	5
0.0098925	2
0.009895	2
0.0098975	4
0.0099	5
0.0099025	3
0.009905	2
0.0099075	5
0.00991	4
0.0099125	3
0.009915	1
0.0099175	13
0.00992	0
0.0099225	1
0.009925	4
0.0099275	12
0.00993	2
0.0099325	4
0.009935	6
0.0099375	5
0.00994	11
0.0099425	1
0.009945	2
0.0099475	3
0.00995	2
0.0099525	0
0.009955	8
0.0099575	4
0.00996	3
0.0099625	2
0.009965	10
0.0099675	1
0.00997	1
0.0099725	8
0.009975	3
0.0099775	10
0.00998	8
0.0099825	2
0.009985	6
0.0099875	2
0.00999	4
0.0099925	6
0.009995	6
0.0099975	3
