0	114
5E-6	121
1E-5	133
1.5E-5	136
2E-5	160
2.5E-5	145
3E-5	160
3.5E-5	178
4E-5	191
4.5E-5	237
5E-5	232
5.5E-5	259
6E-5	284
6.5E-5	335
7E-5	303
7.5E-5	347
8E-5	370
8.5E-5	410
9E-5	374
9.5E-5	453
1E-4	439
1.05E-4	527
1.1E-4	541
1.15E-4	529
1.2E-4	539
1.25E-4	588
1.3E-4	654
1.35E-4	621
1.4E-4	667
1.45E-4	709
1.5E-4	706
1.55E-4	759
1.6E-4	812
1.65E-4	826
1.7E-4	839
1.75E-4	831
1.8E-4	871
1.85E-4	836
1.9E-4	936
1.95E-4	900
2E-4	971
2.05E-4	1027
2.1E-4	1011
2.15E-4	1056
2.2E-4	1072
2.25E-4	1075
2.3E-4	1154
2.35E-4	1201
2.4E-4	1197
2.45E-4	1137
2.5E-4	1159
2.55E-4	1231
2.6E-4	1254
2.65E-4	1259
2.7E-4	1290
2.75E-4	1306
2.8E-4	1299
2.85E-4	1379
2.9E-4	1389
2.95E-4	1367
3E-4	1385
3.05E-4	1508
3.1E-4	1415
3.15E-4	1507
3.2E-4	1468
3.25E-4	1492
3.3E-4	1553
3.35E-4	1524
3.4E-4	1645
3.45E-4	1537
3.5E-4	1614
3.55E-4	1623
3.6E-4	1616
3.65E-4	1677
3.7E-4	1656
3.75E-4	1745
3.8E-4	1623
3.85E-4	1743
3.9E-4	1769
3.95E-4	1875
4E-4	1713
4.05E-4	1747
4.1E-4	1845
4.15E-4	1838
4.2E-4	1770
4.25E-4	1873
4.3E-4	1887
4.35E-4	1887
4.4E-4	1882
4.45E-4	1987
4.5E-4	1935
4.55E-4	1893
4.6E-4	2072
4.65E-4	2039
4.7E-4	2051
4.75E-4	2013
4.8E-4	2054
4.85E-4	2032
4.9E-4	2057
4.95E-4	2061
5E-4	2073
5.05E-4	2076
5.1E-4	2099
5.15E-4	2111
5.2E-4	2201
5.25E-4	2180
5.3E-4	2109
5.35E-4	2113
5.4E-4	2095
5.45E-4	2221
5.5E-4	2138
5.55E-4	2201
5.6E-4	2164
5.65E-4	2328
5.7E-4	2237
5.75E-4	2186
5.8E-4	2279
5.85E-4	2272
5.9E-4	2260
5.95E-4	2326
6E-4	2292
6.05E-4	2429
6.1E-4	2315
6.15E-4	2259
6.2E-4	2355
6.25E-4	2327
6.3E-4	2425
6.35E-4	2399
6.4E-4	2302
6.45E-4	2434
6.5E-4	2458
6.55E-4	2447
6.6E-4	2448
6.65E-4	2474
6.7E-4	2443
6.75E-4	2448
6.8E-4	2475
6.85E-4	2362
6.9E-4	2406
6.95E-4	2442
7E-4	2532
7.05E-4	2544
7.1E-4	2527
7.15E-4	2490
7.2E-4	2503
7.25E-4	2531
7.3E-4	2517
7.35E-4	2529
7.4E-4	2448
7.45E-4	2565
7.5E-4	2538
7.55E-4	2541
7.6E-4	2596
7.65E-4	2592
7.7E-4	2639
7.75E-4	2651
7.8E-4	2592
7.85E-4	2670
7.9E-4	2638
7.95E-4	2636
8E-4	2613
8.05E-4	2702
8.1E-4	2670
8.15E-4	2727
8.2E-4	2618
8.25E-4	2728
8.3E-4	2682
8.35E-4	2769
8.4E-4	2730
8.45E-4	2657
8.5E-4	2745
8.55E-4	2714
8.6E-4	2768
8.65E-4	2694
8.7E-4	2632
8.75E-4	2660
8.8E-4	2748
8.85E-4	2803
8.9E-4	2771
8.95E-4	2719
9E-4	2863
9.05E-4	2822
9.1E-4	2761
9.15E-4	2803
9.2E-4	2845
9.25E-4	2763
9.3E-4	2746
9.35E-4	2799
9.4E-4	2755
9.45E-4	2845
9.5E-4	2811
9.55E-4	2707
9.6E-4	2776
9.65E-4	2859
9.7E-4	2871
9.75E-4	2801
9.8E-4	2797
9.85E-4	2893
9.9E-4	2801
9.95E-4	2774
1E-3	2844
0.001005	2913
0.00101	2833
0.001015	2910
0.00102	2787
0.001025	2800
0.00103	2799
0.001035	2877
0.00104	2892
0.001045	2841
0.00105	2844
0.001055	2768
0.00106	2840
0.001065	2869
0.00107	2890
0.001075	2869
0.00108	2869
0.001085	2957
0.00109	2846
0.001095	2875
0.0011	2879
0.001105	2851
0.00111	2906
0.001115	2842
0.00112	2880
0.001125	2869
0.00113	2896
0.001135	2980
0.00114	2923
0.001145	2924
0.00115	2936
0.001155	2916
0.00116	2947
0.001165	2905
0.00117	2886
0.001175	2902
0.00118	2888
0.001185	2904
0.00119	2814
0.001195	2895
0.0012	2807
0.001205	2885
0.00121	2994
0.001215	2918
0.00122	2877
0.001225	2967
0.00123	2902
0.001235	2820
0.00124	2917
0.001245	2844
0.00125	2877
0.001255	2912
0.00126	2853
0.001265	2828
0.00127	2866
0.001275	2863
0.00128	2799
0.001285	2889
0.00129	2857
0.001295	2955
0.0013	2853
0.001305	2879
0.00131	2868
0.001315	2904
0.00132	2965
0.001325	2890
0.00133	2804
0.001335	2931
0.00134	2863
0.001345	2833
0.00135	2881
0.001355	2815
0.00136	2867
0.001365	2839
0.00137	2967
0.001375	2875
0.00138	2889
0.001385	2761
0.00139	3000
0.001395	2926
0.0014	2832
0.001405	2946
0.00141	2939
0.001415	2769
0.00142	2953
0.001425	2840
0.00143	2987
0.001435	2780
0.00144	2980
0.001445	2816
0.00145	2849
0.001455	2822
0.00146	2785
0.001465	2755
0.00147	2886
0.001475	3002
0.00148	2898
0.001485	2939
0.00149	2812
0.001495	2796
0.0015	2828
0.001505	2901
0.00151	2830
0.001515	2855
0.00152	2860
0.001525	2763
0.00153	2809
0.001535	2823
0.00154	2843
0.001545	2828
0.00155	2878
0.001555	2759
0.00156	2803
0.001565	2849
0.00157	2835
0.001575	2844
0.00158	2790
0.001585	2764
0.00159	2782
0.001595	2769
0.0016	2802
0.001605	2743
0.00161	2671
0.001615	2754
0.00162	2799
0.001625	2743
0.00163	2748
0.001635	2771
0.00164	2796
0.001645	2837
0.00165	2814
0.001655	2815
0.00166	2733
0.001665	2781
0.00167	2703
0.001675	2757
0.00168	2797
0.001685	2740
0.00169	2735
0.001695	2781
0.0017	2787
0.001705	2774
0.00171	2796
0.001715	2717
0.00172	2696
0.001725	2716
0.00173	2773
0.001735	2871
0.00174	2770
0.001745	2776
0.00175	2788
0.001755	2753
0.00176	2815
0.001765	2675
0.00177	2748
0.001775	2782
0.00178	2737
0.001785	2747
0.00179	2770
0.001795	2686
0.0018	2830
0.001805	2664
0.00181	2713
0.001815	2689
0.00182	2700
0.001825	2721
0.00183	2734
0.001835	2635
0.00184	2674
0.001845	2666
0.00185	2607
0.001855	2650
0.00186	2708
0.001865	2702
0.00187	2635
0.001875	2679
0.00188	2686
0.001885	2630
0.00189	2675
0.001895	2656
0.0019	2591
0.001905	2600
0.00191	2703
0.001915	2685
0.00192	2655
0.001925	2673
0.00193	2654
0.001935	2650
0.00194	2445
0.001945	2622
0.00195	2621
0.001955	2586
0.00196	2571
0.001965	2593
0.00197	2629
0.001975	2544
0.00198	2508
0.001985	2695
0.00199	2562
0.001995	2582
0.002	2556
0.002005	2539
0.00201	2556
0.002015	2604
0.00202	2544
0.002025	2477
0.00203	2608
0.002035	2448
0.00204	2589
0.002045	2541
0.00205	2526
0.002055	2674
0.00206	2598
0.002065	2562
0.00207	2476
0.002075	2573
0.00208	2534
0.002085	2498
0.00209	2555
0.002095	2552
0.0021	2518
0.002105	2451
0.00211	2501
0.002115	2504
0.00212	2529
0.002125	2485
0.00213	2506
0.002135	2454
0.00214	2464
0.002145	2510
0.00215	2486
0.002155	2580
0.00216	2477
0.002165	2474
0.00217	2444
0.002175	2392
0.00218	2414
0.002185	2413
0.00219	2454
0.002195	2517
0.0022	2472
0.002205	2354
0.00221	2392
0.002215	2416
0.00222	2314
0.002225	2514
0.00223	2387
0.002235	2392
0.00224	2399
0.002245	2349
0.00225	2330
0.002255	2377
0.00226	2425
0.002265	2388
0.00227	2297
0.002275	2379
0.00228	2290
0.002285	2313
0.00229	2334
0.002295	2304
0.0023	2367
0.002305	2361
0.00231	2295
0.002315	2273
0.00232	2362
0.002325	2357
0.00233	2377
0.002335	2337
0.00234	2374
0.002345	2413
0.00235	2287
0.002355	2352
0.00236	2234
0.002365	2268
0.00237	2298
0.002375	2354
0.00238	2347
0.002385	2276
0.00239	2342
0.002395	2086
0.0024	2305
0.002405	2223
0.00241	2238
0.002415	2263
0.00242	2273
0.002425	2210
0.00243	2226
0.002435	2234
0.00244	2291
0.002445	2288
0.00245	2214
0.002455	2212
0.00246	2284
0.002465	2201
0.00247	2233
0.002475	2207
0.00248	2344
0.002485	2230
0.00249	2226
0.002495	2243
0.0025	2250
0.002505	2208
0.00251	2203
0.002515	2070
0.00252	2140
0.002525	2206
0.00253	2212
0.002535	2186
0.00254	2199
0.002545	2200
0.00255	2132
0.002555	2128
0.00256	2198
0.002565	2180
0.00257	2096
0.002575	2126
0.00258	2232
0.002585	2097
0.00259	2144
0.002595	2098
0.0026	2152
0.002605	2124
0.00261	2187
0.002615	2098
0.00262	2216
0.002625	2151
0.00263	2142
0.002635	2064
0.00264	2164
0.002645	2036
0.00265	2118
0.002655	2056
0.00266	2058
0.002665	2111
0.00267	2071
0.002675	2071
0.00268	2143
0.002685	2113
0.00269	2100
0.002695	2013
0.0027	2046
0.002705	2008
0.00271	2033
0.002715	2065
0.00272	2094
0.002725	2043
0.00273	2080
0.002735	2098
0.00274	2025
0.002745	2015
0.00275	1996
0.002755	2048
0.00276	2001
0.002765	2031
0.00277	2087
0.002775	2022
0.00278	2061
0.002785	1981
0.00279	1929
0.002795	1968
0.0028	1996
0.002805	2010
0.00281	2022
0.002815	2032
0.00282	1989
0.002825	1963
0.00283	1954
0.002835	2094
0.00284	2015
0.002845	1924
0.00285	1842
0.002855	1939
0.00286	2041
0.002865	1916
0.00287	1918
0.002875	1894
0.00288	1894
0.002885	1909
0.00289	1955
0.002895	1990
0.0029	1895
0.002905	1932
0.00291	1909
0.002915	1897
0.00292	1807
0.002925	1854
0.00293	1948
0.002935	1925
0.00294	1931
0.002945	1909
0.00295	1954
0.002955	1937
0.00296	1945
0.002965	1864
0.00297	1856
0.002975	2007
0.00298	1855
0.002985	1874
0.00299	1875
0.002995	1953
0.003	1873
0.003005	1806
0.00301	1797
0.003015	1849
0.00302	1812
0.003025	1865
0.00303	1866
0.003035	1776
0.00304	1810
0.003045	1878
0.00305	1781
0.003055	1758
0.00306	1836
0.003065	1808
0.00307	1838
0.003075	1811
0.00308	1872
0.003085	1804
0.00309	1830
0.003095	1820
0.0031	1838
0.003105	1808
0.00311	1778
0.003115	1851
0.00312	1785
0.003125	1723
0.00313	1764
0.003135	1624
0.00314	1795
0.003145	1710
0.00315	1730
0.003155	1642
0.00316	1807
0.003165	1773
0.00317	1733
0.003175	1700
0.00318	1719
0.003185	1696
0.00319	1712
0.003195	1728
0.0032	1758
0.003205	1734
0.00321	1737
0.003215	1640
0.00322	1785
0.003225	1612
0.00323	1669
0.003235	1733
0.00324	1677
0.003245	1688
0.00325	1648
0.003255	1701
0.00326	1654
0.003265	1679
0.00327	1600
0.003275	1665
0.00328	1664
0.003285	1730
0.00329	1612
0.003295	1664
0.0033	1652
0.003305	1566
0.00331	1649
0.003315	1671
0.00332	1627
0.003325	1614
0.00333	1671
0.003335	1633
0.00334	1636
0.003345	1613
0.00335	1669
0.003355	1601
0.00336	1587
0.003365	1559
0.00337	1605
0.003375	1672
0.00338	1622
0.003385	1553
0.00339	1651
0.003395	1589
0.0034	1549
0.003405	1661
0.00341	1589
0.003415	1513
0.00342	1581
0.003425	1496
0.00343	1486
0.003435	1536
0.00344	1545
0.003445	1590
0.00345	1503
0.003455	1586
0.00346	1561
0.003465	1476
0.00347	1503
0.003475	1540
0.00348	1569
0.003485	1595
0.00349	1518
0.003495	1518
0.0035	1571
0.003505	1517
0.00351	1504
0.003515	1471
0.00352	1489
0.003525	1495
0.00353	1457
0.003535	1531
0.00354	1514
0.003545	1449
0.00355	1468
0.003555	1471
0.00356	1593
0.003565	1501
0.00357	1492
0.003575	1505
0.00358	1483
0.003585	1462
0.00359	1471
0.003595	1454
0.0036	1412
0.003605	1518
0.00361	1480
0.003615	1482
0.00362	1481
0.003625	1450
0.00363	1412
0.003635	1489
0.00364	1429
0.003645	1510
0.00365	1474
0.003655	1487
0.00366	1425
0.003665	1434
0.00367	1341
0.003675	1447
0.00368	1406
0.003685	1415
0.00369	1412
0.003695	1465
0.0037	1414
0.003705	1402
0.00371	1398
0.003715	1399
0.00372	1399
0.003725	1358
0.00373	1444
0.003735	1404
0.00374	1427
0.003745	1390
0.00375	1369
0.003755	1398
0.00376	1318
0.003765	1442
0.00377	1346
0.003775	1363
0.00378	1420
0.003785	1413
0.00379	1391
0.003795	1421
0.0038	1310
0.003805	1380
0.00381	1347
0.003815	1346
0.00382	1369
0.003825	1383
0.00383	1349
0.003835	1347
0.00384	1386
0.003845	1332
0.00385	1313
0.003855	1345
0.00386	1321
0.003865	1305
0.00387	1356
0.003875	1363
0.00388	1366
0.003885	1324
0.00389	1396
0.003895	1332
0.0039	1354
0.003905	1306
0.00391	1355
0.003915	1223
0.00392	1210
0.003925	1285
0.00393	1291
0.003935	1222
0.00394	1259
0.003945	1231
0.00395	1253
0.003955	1263
0.00396	1288
0.003965	1278
0.00397	1171
0.003975	1264
0.00398	1276
0.003985	1246
0.00399	1236
0.003995	1333
0.004	1249
0.004005	1277
0.00401	1209
0.004015	1251
0.00402	1219
0.004025	1256
0.00403	1255
0.004035	1216
0.00404	1215
0.004045	1233
0.00405	1176
0.004055	1276
0.00406	1154
0.004065	1220
0.00407	1187
0.004075	1231
0.00408	1248
0.004085	1205
0.00409	1182
0.004095	1218
0.0041	1247
0.004105	1154
0.00411	1182
0.004115	1178
0.00412	1192
0.004125	1194
0.00413	1201
0.004135	1165
0.00414	1207
0.004145	1235
0.00415	1141
0.004155	1116
0.00416	1162
0.004165	1225
0.00417	1210
0.004175	1204
0.00418	1136
0.004185	1188
0.00419	1174
0.004195	1202
0.0042	1136
0.004205	1194
0.00421	1169
0.004215	1220
0.00422	1186
0.004225	1212
0.00423	1104
0.004235	1168
0.00424	1157
0.004245	1100
0.00425	1112
0.004255	1121
0.00426	1169
0.004265	1145
0.00427	1199
0.004275	1112
0.00428	1154
0.004285	1150
0.00429	1106
0.004295	1104
0.0043	1097
0.004305	1104
0.00431	1088
0.004315	1101
0.00432	1095
0.004325	1075
0.00433	1111
0.004335	1161
0.00434	1137
0.004345	1096
0.00435	1108
0.004355	1110
0.00436	1100
0.004365	1086
0.00437	1096
0.004375	1104
0.00438	1099
0.004385	1097
0.00439	1045
0.004395	1049
0.0044	1062
0.004405	1025
0.00441	1067
0.004415	1071
0.00442	1075
0.004425	1092
0.00443	1094
0.004435	1034
0.00444	1011
0.004445	1074
0.00445	1055
0.004455	1074
0.00446	1079
0.004465	1021
0.00447	1058
0.004475	1090
0.00448	1008
0.004485	1033
0.00449	977
0.004495	1015
0.0045	1058
0.004505	1015
0.00451	1018
0.004515	1049
0.00452	1066
0.004525	1019
0.00453	1034
0.004535	1049
0.00454	955
0.004545	1043
0.00455	1036
0.004555	1046
0.00456	995
0.004565	950
0.00457	954
0.004575	1044
0.00458	962
0.004585	983
0.00459	1005
0.004595	988
0.0046	1009
0.004605	994
0.00461	908
0.004615	978
0.00462	1006
0.004625	975
0.00463	957
0.004635	1019
0.00464	988
0.004645	988
0.00465	951
0.004655	964
0.00466	932
0.004665	977
0.00467	969
0.004675	963
0.00468	945
0.004685	1006
0.00469	971
0.004695	1031
0.0047	999
0.004705	962
0.00471	975
0.004715	970
0.00472	948
0.004725	907
0.00473	952
0.004735	979
0.00474	939
0.004745	948
0.00475	977
0.004755	915
0.00476	900
0.004765	914
0.00477	954
0.004775	904
0.00478	941
0.004785	902
0.00479	935
0.004795	902
0.0048	915
0.004805	883
0.00481	878
0.004815	886
0.00482	904
0.004825	893
0.00483	884
0.004835	889
0.00484	873
0.004845	874
0.00485	871
0.004855	894
0.00486	916
0.004865	794
0.00487	901
0.004875	928
0.00488	912
0.004885	910
0.00489	914
0.004895	900
0.0049	864
0.004905	900
0.00491	913
0.004915	865
0.00492	906
0.004925	844
0.00493	857
0.004935	855
0.00494	851
0.004945	827
0.00495	901
0.004955	852
0.00496	878
0.004965	840
0.00497	849
0.004975	879
0.00498	842
0.004985	874
0.00499	872
0.004995	859
0.005	805
0.005005	833
0.00501	811
0.005015	871
0.00502	867
0.005025	838
0.00503	809
0.005035	857
0.00504	835
0.005045	780
0.00505	812
0.005055	867
0.00506	875
0.005065	864
0.00507	870
0.005075	767
0.00508	850
0.005085	817
0.00509	834
0.005095	805
0.0051	769
0.005105	812
0.00511	814
0.005115	770
0.00512	823
0.005125	804
0.00513	796
0.005135	808
0.00514	793
0.005145	830
0.00515	787
0.005155	816
0.00516	811
0.005165	794
0.00517	788
0.005175	873
0.00518	806
0.005185	865
0.00519	860
0.005195	778
0.0052	750
0.005205	783
0.00521	789
0.005215	845
0.00522	818
0.005225	781
0.00523	792
0.005235	755
0.00524	771
0.005245	786
0.00525	782
0.005255	764
0.00526	749
0.005265	728
0.00527	785
0.005275	752
0.00528	766
0.005285	772
0.00529	716
0.005295	775
0.0053	788
0.005305	800
0.00531	773
0.005315	781
0.00532	802
0.005325	743
0.00533	744
0.005335	741
0.00534	745
0.005345	724
0.00535	722
0.005355	776
0.00536	768
0.005365	758
0.00537	751
0.005375	754
0.00538	768
0.005385	769
0.00539	742
0.005395	751
0.0054	735
0.005405	721
0.00541	676
0.005415	750
0.00542	730
0.005425	745
0.00543	720
0.005435	750
0.00544	719
0.005445	749
0.00545	744
0.005455	665
0.00546	732
0.005465	701
0.00547	700
0.005475	687
0.00548	747
0.005485	751
0.00549	689
0.005495	735
0.0055	687
0.005505	659
0.00551	724
0.005515	679
0.00552	752
0.005525	701
0.00553	708
0.005535	663
0.00554	673
0.005545	712
0.00555	687
0.005555	660
0.00556	648
0.005565	639
0.00557	680
0.005575	676
0.00558	679
0.005585	648
0.00559	658
0.005595	625
0.0056	695
0.005605	653
0.00561	648
0.005615	703
0.00562	619
0.005625	683
0.00563	680
0.005635	689
0.00564	650
0.005645	645
0.00565	657
0.005655	623
0.00566	678
0.005665	669
0.00567	591
0.005675	696
0.00568	675
0.005685	653
0.00569	690
0.005695	664
0.0057	651
0.005705	669
0.00571	651
0.005715	642
0.00572	679
0.005725	648
0.00573	672
0.005735	623
0.00574	692
0.005745	617
0.00575	664
0.005755	669
0.00576	631
0.005765	665
0.00577	644
0.005775	622
0.00578	638
0.005785	622
0.00579	586
0.005795	596
0.0058	624
0.005805	624
0.00581	603
0.005815	594
0.00582	599
0.005825	577
0.00583	623
0.005835	636
0.00584	640
0.005845	656
0.00585	646
0.005855	647
0.00586	599
0.005865	570
0.00587	638
0.005875	599
0.00588	593
0.005885	598
0.00589	618
0.005895	613
0.0059	551
0.005905	577
0.00591	621
0.005915	552
0.00592	665
0.005925	604
0.00593	552
0.005935	590
0.00594	618
0.005945	577
0.00595	649
0.005955	590
0.00596	600
0.005965	623
0.00597	595
0.005975	546
0.00598	573
0.005985	597
0.00599	572
0.005995	615
0.006	510
0.006005	573
0.00601	585
0.006015	591
0.00602	597
0.006025	592
0.00603	575
0.006035	587
0.00604	551
0.006045	569
0.00605	546
0.006055	570
0.00606	579
0.006065	570
0.00607	566
0.006075	579
0.00608	578
0.006085	568
0.00609	563
0.006095	591
0.0061	558
0.006105	577
0.00611	608
0.006115	584
0.00612	530
0.006125	563
0.00613	551
0.006135	554
0.00614	555
0.006145	530
0.00615	564
0.006155	533
0.00616	545
0.006165	519
0.00617	538
0.006175	528
0.00618	502
0.006185	518
0.00619	523
0.006195	578
0.0062	566
0.006205	528
0.00621	524
0.006215	514
0.00622	518
0.006225	531
0.00623	583
0.006235	568
0.00624	510
0.006245	530
0.00625	525
0.006255	535
0.00626	546
0.006265	534
0.00627	557
0.006275	550
0.00628	523
0.006285	509
0.00629	491
0.006295	546
0.0063	490
0.006305	489
0.00631	535
0.006315	569
0.00632	510
0.006325	528
0.00633	533
0.006335	549
0.00634	529
0.006345	556
0.00635	570
0.006355	510
0.00636	475
0.006365	514
0.00637	487
0.006375	526
0.00638	501
0.006385	514
0.00639	514
0.006395	504
0.0064	509
0.006405	505
0.00641	495
0.006415	525
0.00642	506
0.006425	511
0.00643	482
0.006435	495
0.00644	506
0.006445	490
0.00645	499
0.006455	508
0.00646	495
0.006465	486
0.00647	494
0.006475	481
0.00648	487
0.006485	493
0.00649	509
0.006495	454
0.0065	508
0.006505	488
0.00651	431
0.006515	489
0.00652	469
0.006525	526
0.00653	474
0.006535	507
0.00654	505
0.006545	519
0.00655	481
0.006555	476
0.00656	476
0.006565	461
0.00657	481
0.006575	513
0.00658	495
0.006585	447
0.00659	453
0.006595	470
0.0066	445
0.006605	469
0.00661	470
0.006615	462
0.00662	467
0.006625	495
0.00663	469
0.006635	474
0.00664	468
0.006645	412
0.00665	464
0.006655	429
0.00666	485
0.006665	485
0.00667	454
0.006675	485
0.00668	469
0.006685	464
0.00669	488
0.006695	494
0.0067	450
0.006705	426
0.00671	467
0.006715	425
0.00672	462
0.006725	465
0.00673	499
0.006735	449
0.00674	484
0.006745	484
0.00675	463
0.006755	454
0.00676	443
0.006765	444
0.00677	416
0.006775	476
0.00678	437
0.006785	448
0.00679	472
0.006795	444
0.0068	436
0.006805	416
0.00681	437
0.006815	416
0.00682	466
0.006825	435
0.00683	459
0.006835	460
0.00684	456
0.006845	428
0.00685	448
0.006855	435
0.00686	427
0.006865	416
0.00687	418
0.006875	404
0.00688	441
0.006885	451
0.00689	431
0.006895	420
0.0069	454
0.006905	402
0.00691	414
0.006915	446
0.00692	385
0.006925	407
0.00693	410
0.006935	399
0.00694	456
0.006945	372
0.00695	420
0.006955	454
0.00696	388
0.006965	407
0.00697	407
0.006975	350
0.00698	405
0.006985	461
0.00699	421
0.006995	394
0.007	415
0.007005	388
0.00701	418
0.007015	402
0.00702	387
0.007025	412
0.00703	427
0.007035	405
0.00704	383
0.007045	430
0.00705	425
0.007055	375
0.00706	409
0.007065	397
0.00707	393
0.007075	402
0.00708	383
0.007085	420
0.00709	398
0.007095	403
0.0071	406
0.007105	388
0.00711	399
0.007115	398
0.00712	373
0.007125	378
0.00713	398
0.007135	434
0.00714	344
0.007145	350
0.00715	385
0.007155	407
0.00716	378
0.007165	412
0.00717	389
0.007175	380
0.00718	390
0.007185	389
0.00719	382
0.007195	378
0.0072	417
0.007205	337
0.00721	381
0.007215	400
0.00722	389
0.007225	375
0.00723	366
0.007235	381
0.00724	360
0.007245	369
0.00725	394
0.007255	379
0.00726	369
0.007265	393
0.00727	411
0.007275	352
0.00728	335
0.007285	374
0.00729	350
0.007295	405
0.0073	373
0.007305	345
0.00731	388
0.007315	371
0.00732	358
0.007325	409
0.00733	390
0.007335	378
0.00734	387
0.007345	359
0.00735	378
0.007355	392
0.00736	347
0.007365	350
0.00737	344
0.007375	363
0.00738	366
0.007385	353
0.00739	370
0.007395	351
0.0074	375
0.007405	389
0.00741	344
0.007415	340
0.00742	331
0.007425	340
0.00743	370
0.007435	332
0.00744	346
0.007445	357
0.00745	334
0.007455	378
0.00746	332
0.007465	362
0.00747	367
0.007475	313
0.00748	332
0.007485	340
0.00749	383
0.007495	355
0.0075	369
0.007505	351
0.00751	385
0.007515	355
0.00752	352
0.007525	320
0.00753	359
0.007535	325
0.00754	360
0.007545	356
0.00755	318
0.007555	364
0.00756	337
0.007565	336
0.00757	334
0.007575	362
0.00758	320
0.007585	362
0.00759	335
0.007595	363
0.0076	350
0.007605	354
0.00761	346
0.007615	347
0.00762	344
0.007625	339
0.00763	375
0.007635	314
0.00764	360
0.007645	344
0.00765	310
0.007655	359
0.00766	325
0.007665	348
0.00767	310
0.007675	331
0.00768	349
0.007685	336
0.00769	319
0.007695	329
0.0077	332
0.007705	342
0.00771	346
0.007715	366
0.00772	340
0.007725	320
0.00773	324
0.007735	311
0.00774	360
0.007745	327
0.00775	340
0.007755	314
0.00776	298
0.007765	371
0.00777	322
0.007775	337
0.00778	338
0.007785	322
0.00779	304
0.007795	317
0.0078	345
0.007805	312
0.00781	356
0.007815	295
0.00782	319
0.007825	307
0.00783	302
0.007835	303
0.00784	327
0.007845	303
0.00785	321
0.007855	366
0.00786	350
0.007865	314
0.00787	315
0.007875	340
0.00788	315
0.007885	284
0.00789	312
0.007895	339
0.0079	320
0.007905	322
0.00791	305
0.007915	324
0.00792	341
0.007925	310
0.00793	299
0.007935	288
0.00794	333
0.007945	310
0.00795	304
0.007955	278
0.00796	310
0.007965	310
0.00797	318
0.007975	317
0.00798	305
0.007985	260
0.00799	292
0.007995	262
0.008	319
0.008005	272
0.00801	326
0.008015	320
0.00802	338
0.008025	305
0.00803	274
0.008035	303
0.00804	296
0.008045	303
0.00805	302
0.008055	307
0.00806	301
0.008065	295
0.00807	326
0.008075	330
0.00808	279
0.008085	288
0.00809	277
0.008095	289
0.0081	260
0.008105	287
0.00811	256
0.008115	299
0.00812	288
0.008125	297
0.00813	294
0.008135	292
0.00814	273
0.008145	274
0.00815	304
0.008155	288
0.00816	271
0.008165	306
0.00817	288
0.008175	291
0.00818	305
0.008185	293
0.00819	305
0.008195	263
0.0082	286
0.008205	288
0.00821	274
0.008215	264
0.00822	315
0.008225	278
0.00823	287
0.008235	295
0.00824	265
0.008245	284
0.00825	286
0.008255	294
0.00826	299
0.008265	282
0.00827	328
0.008275	253
0.00828	286
0.008285	306
0.00829	274
0.008295	318
0.0083	287
0.008305	245
0.00831	289
0.008315	289
0.00832	274
0.008325	264
0.00833	281
0.008335	290
0.00834	277
0.008345	251
0.00835	282
0.008355	319
0.00836	292
0.008365	290
0.00837	310
0.008375	286
0.00838	306
0.008385	254
0.00839	270
0.008395	270
0.0084	320
0.008405	286
0.00841	311
0.008415	300
0.00842	264
0.008425	280
0.00843	244
0.008435	260
0.00844	279
0.008445	281
0.00845	288
0.008455	268
0.00846	278
0.008465	270
0.00847	288
0.008475	262
0.00848	269
0.008485	279
0.00849	280
0.008495	251
0.0085	248
0.008505	314
0.00851	258
0.008515	282
0.00852	283
0.008525	278
0.00853	268
0.008535	287
0.00854	293
0.008545	227
0.00855	257
0.008555	283
0.00856	258
0.008565	243
0.00857	265
0.008575	277
0.00858	264
0.008585	247
0.00859	244
0.008595	275
0.0086	265
0.008605	305
0.00861	259
0.008615	274
0.00862	261
0.008625	257
0.00863	260
0.008635	264
0.00864	266
0.008645	273
0.00865	275
0.008655	245
0.00866	237
0.008665	254
0.00867	244
0.008675	239
0.00868	247
0.008685	249
0.00869	244
0.008695	256
0.0087	262
0.008705	271
0.00871	262
0.008715	272
0.00872	211
0.008725	253
0.00873	271
0.008735	241
0.00874	244
0.008745	268
0.00875	246
0.008755	246
0.00876	243
0.008765	252
0.00877	236
0.008775	261
0.00878	276
0.008785	239
0.00879	251
0.008795	241
0.0088	233
0.008805	259
0.00881	273
0.008815	244
0.00882	266
0.008825	257
0.00883	266
0.008835	238
0.00884	257
0.008845	223
0.00885	260
0.008855	251
0.00886	273
0.008865	246
0.00887	242
0.008875	252
0.00888	254
0.008885	202
0.00889	246
0.008895	232
0.0089	246
0.008905	242
0.00891	232
0.008915	230
0.00892	258
0.008925	242
0.00893	277
0.008935	237
0.00894	266
0.008945	234
0.00895	245
0.008955	239
0.00896	210
0.008965	225
0.00897	212
0.008975	237
0.00898	250
0.008985	254
0.00899	223
0.008995	226
0.009	226
0.009005	233
0.00901	246
0.009015	251
0.00902	241
0.009025	229
0.00903	221
0.009035	208
0.00904	230
0.009045	217
0.00905	252
0.009055	230
0.00906	232
0.009065	247
0.00907	210
0.009075	212
0.00908	248
0.009085	268
0.00909	254
0.009095	247
0.0091	247
0.009105	217
0.00911	243
0.009115	235
0.00912	224
0.009125	222
0.00913	241
0.009135	267
0.00914	267
0.009145	204
0.00915	202
0.009155	245
0.00916	245
0.009165	201
0.00917	251
0.009175	238
0.00918	226
0.009185	264
0.00919	214
0.009195	223
0.0092	239
0.009205	219
0.00921	229
0.009215	243
0.00922	211
0.009225	244
0.00923	207
0.009235	209
0.00924	228
0.009245	231
0.00925	226
0.009255	209
0.00926	225
0.009265	264
0.00927	213
0.009275	247
0.00928	206
0.009285	242
0.00929	255
0.009295	226
0.0093	246
0.009305	250
0.00931	235
0.009315	216
0.00932	216
0.009325	221
0.00933	235
0.009335	205
0.00934	232
0.009345	234
0.00935	254
0.009355	221
0.00936	211
0.009365	223
0.00937	190
0.009375	251
0.00938	228
0.009385	214
0.00939	225
0.009395	241
0.0094	227
0.009405	210
0.00941	233
0.009415	235
0.00942	196
0.009425	206
0.00943	219
0.009435	226
0.00944	189
0.009445	212
0.00945	211
0.009455	199
0.00946	237
0.009465	239
0.00947	226
0.009475	210
0.00948	236
0.009485	202
0.00949	235
0.009495	205
0.0095	217
0.009505	245
0.00951	222
0.009515	223
0.00952	204
0.009525	194
0.00953	215
0.009535	232
0.00954	210
0.009545	218
0.00955	211
0.009555	228
0.00956	206
0.009565	234
0.00957	208
0.009575	208
0.00958	211
0.009585	214
0.00959	220
0.009595	214
0.0096	211
0.009605	197
0.00961	212
0.009615	221
0.00962	193
0.009625	196
0.00963	196
0.009635	206
0.00964	225
0.009645	197
0.00965	203
0.009655	188
0.00966	183
0.009665	242
0.00967	208
0.009675	206
0.00968	187
0.009685	217
0.00969	203
0.009695	221
0.0097	207
0.009705	205
0.00971	200
0.009715	208
0.00972	201
0.009725	208
0.00973	238
0.009735	205
0.00974	192
0.009745	233
0.00975	177
0.009755	195
0.00976	198
0.009765	194
0.00977	219
0.009775	223
0.00978	198
0.009785	221
0.00979	224
0.009795	198
0.0098	197
0.009805	221
0.00981	214
0.009815	206
0.00982	208
0.009825	199
0.00983	191
0.009835	198
0.00984	209
0.009845	164
0.00985	172
0.009855	206
0.00986	222
0.009865	196
0.00987	189
0.009875	223
0.00988	201
0.009885	192
0.00989	192
0.009895	201
0.0099	189
0.009905	197
0.00991	210
0.009915	176
0.00992	219
0.009925	188
0.00993	189
0.009935	181
0.00994	177
0.009945	198
0.00995	196
0.009955	189
0.00996	201
0.009965	204
0.00997	190
0.009975	191
0.00998	205
0.009985	204
0.00999	190
0.009995	191
0.01	178
0.010005	196
0.01001	200
0.010015	217
0.01002	185
0.010025	193
0.01003	186
0.010035	193
0.01004	209
0.010045	212
0.01005	202
0.010055	201
0.01006	209
0.010065	213
0.01007	161
0.010075	200
0.01008	192
0.010085	180
0.01009	182
0.010095	205
0.0101	181
0.010105	180
0.01011	182
0.010115	218
0.01012	212
0.010125	182
0.01013	202
0.010135	191
0.01014	181
0.010145	190
0.01015	184
0.010155	165
0.01016	200
0.010165	203
0.01017	192
0.010175	200
0.01018	205
0.010185	216
0.01019	187
0.010195	166
0.0102	202
0.010205	190
0.01021	208
0.010215	194
0.01022	198
0.010225	197
0.01023	194
0.010235	194
0.01024	207
0.010245	210
0.01025	182
0.010255	171
0.01026	180
0.010265	194
0.01027	221
0.010275	186
0.01028	186
0.010285	192
0.01029	193
0.010295	172
0.0103	165
0.010305	185
0.01031	175
0.010315	175
0.01032	194
0.010325	162
0.01033	182
0.010335	158
0.01034	178
0.010345	168
0.01035	187
0.010355	180
0.01036	179
0.010365	195
0.01037	172
0.010375	171
0.01038	160
0.010385	195
0.01039	204
0.010395	180
0.0104	203
0.010405	174
0.01041	187
0.010415	187
0.01042	189
0.010425	194
0.01043	177
0.010435	179
0.01044	205
0.010445	164
0.01045	214
0.010455	179
0.01046	187
0.010465	176
0.01047	205
0.010475	178
0.01048	177
0.010485	171
0.01049	189
0.010495	183
0.0105	174
0.010505	198
0.01051	187
0.010515	197
0.01052	174
0.010525	155
0.01053	171
0.010535	174
0.01054	190
0.010545	173
0.01055	167
0.010555	154
0.01056	171
0.010565	164
0.01057	170
0.010575	186
0.01058	178
0.010585	174
0.01059	181
0.010595	167
0.0106	190
0.010605	164
0.01061	180
0.010615	169
0.01062	158
0.010625	168
0.01063	182
0.010635	196
0.01064	195
0.010645	181
0.01065	186
0.010655	200
0.01066	175
0.010665	180
0.01067	167
0.010675	186
0.01068	160
0.010685	177
0.01069	162
0.010695	179
0.0107	169
0.010705	177
0.01071	200
0.010715	173
0.01072	181
0.010725	178
0.01073	182
0.010735	186
0.01074	193
0.010745	178
0.01075	179
0.010755	180
0.01076	190
0.010765	181
0.01077	171
0.010775	170
0.01078	177
0.010785	174
0.01079	182
0.010795	201
0.0108	179
0.010805	169
0.01081	166
0.010815	165
0.01082	180
0.010825	169
0.01083	174
0.010835	179
0.01084	175
0.010845	162
0.01085	176
0.010855	173
0.01086	193
0.010865	166
0.01087	165
0.010875	152
0.01088	184
0.010885	155
0.01089	170
0.010895	155
0.0109	187
0.010905	174
0.01091	168
0.010915	180
0.01092	180
0.010925	178
0.01093	162
0.010935	166
0.01094	154
0.010945	167
0.01095	158
0.010955	182
0.01096	185
0.010965	146
0.01097	141
0.010975	173
0.01098	160
0.010985	172
0.01099	185
0.010995	170
0.011	155
0.011005	160
0.01101	171
0.011015	194
0.01102	176
0.011025	180
0.01103	186
0.011035	182
0.01104	159
0.011045	147
0.01105	175
0.011055	166
0.01106	172
0.011065	176
0.01107	182
0.011075	174
0.01108	145
0.011085	162
0.01109	166
0.011095	175
0.0111	179
0.011105	161
0.01111	162
0.011115	163
0.01112	171
0.011125	155
0.01113	152
0.011135	157
0.01114	158
0.011145	165
0.01115	175
0.011155	187
0.01116	165
0.011165	167
0.01117	166
0.011175	176
0.01118	155
0.011185	159
0.01119	170
0.011195	164
0.0112	174
0.011205	155
0.01121	142
0.011215	184
0.01122	152
0.011225	162
0.01123	163
0.011235	143
0.01124	149
0.011245	181
0.01125	167
0.011255	160
0.01126	168
0.011265	154
0.01127	160
0.011275	161
0.01128	147
0.011285	166
0.01129	156
0.011295	156
0.0113	179
0.011305	142
0.01131	150
0.011315	169
0.01132	149
0.011325	151
0.01133	164
0.011335	163
0.01134	134
0.011345	158
0.01135	164
0.011355	162
0.01136	168
0.011365	159
0.01137	174
0.011375	174
0.01138	148
0.011385	162
0.01139	161
0.011395	147
0.0114	164
0.011405	151
0.01141	149
0.011415	145
0.01142	176
0.011425	163
0.01143	162
0.011435	178
0.01144	129
0.011445	151
0.01145	162
0.011455	175
0.01146	171
0.011465	138
0.01147	158
0.011475	151
0.01148	149
0.011485	144
0.01149	151
0.011495	146
0.0115	151
0.011505	174
0.01151	141
0.011515	142
0.01152	167
0.011525	147
0.01153	183
0.011535	165
0.01154	156
0.011545	150
0.01155	168
0.011555	169
0.01156	158
0.011565	158
0.01157	141
0.011575	148
0.01158	153
0.011585	133
0.01159	162
0.011595	159
0.0116	149
0.011605	163
0.01161	161
0.011615	134
0.01162	139
0.011625	175
0.01163	145
0.011635	170
0.01164	175
0.011645	173
0.01165	178
0.011655	163
0.01166	174
0.011665	156
0.01167	146
0.011675	155
0.01168	179
0.011685	149
0.01169	150
0.011695	151
0.0117	141
0.011705	153
0.01171	172
0.011715	183
0.01172	174
0.011725	155
0.01173	155
0.011735	153
0.01174	147
0.011745	140
0.01175	170
0.011755	154
0.01176	144
0.011765	177
0.01177	160
0.011775	142
0.01178	142
0.011785	153
0.01179	144
0.011795	176
0.0118	148
0.011805	170
0.01181	159
0.011815	152
0.01182	148
0.011825	187
0.01183	167
0.011835	150
0.01184	158
0.011845	181
0.01185	124
0.011855	167
0.01186	166
0.011865	144
0.01187	146
0.011875	163
0.01188	158
0.011885	150
0.01189	169
0.011895	133
0.0119	157
0.011905	166
0.01191	171
0.011915	139
0.01192	153
0.011925	150
0.01193	131
0.011935	156
0.01194	158
0.011945	158
0.01195	140
0.011955	153
0.01196	151
0.011965	152
0.01197	151
0.011975	150
0.01198	166
0.011985	161
0.01199	146
0.011995	143
0.012	140
0.012005	153
0.01201	166
0.012015	153
0.01202	160
0.012025	163
0.01203	156
0.012035	158
0.01204	161
0.012045	163
0.01205	152
0.012055	162
0.01206	169
0.012065	160
0.01207	143
0.012075	151
0.01208	145
0.012085	128
0.01209	146
0.012095	143
0.0121	151
0.012105	149
0.01211	161
0.012115	168
0.01212	165
0.012125	129
0.01213	151
0.012135	138
0.01214	163
0.012145	141
0.01215	146
0.012155	124
0.01216	144
0.012165	156
0.01217	157
0.012175	141
0.01218	148
0.012185	147
0.01219	170
0.012195	153
0.0122	145
0.012205	174
0.01221	151
0.012215	141
0.01222	157
0.012225	168
0.01223	165
0.012235	137
0.01224	151
0.012245	160
0.01225	157
0.012255	139
0.01226	161
0.012265	138
0.01227	153
0.012275	134
0.01228	144
0.012285	152
0.01229	139
0.012295	152
0.0123	137
0.012305	155
0.01231	158
0.012315	157
0.01232	145
0.012325	138
0.01233	153
0.012335	145
0.01234	154
0.012345	136
0.01235	134
0.012355	159
0.01236	172
0.012365	155
0.01237	160
0.012375	153
0.01238	136
0.012385	140
0.01239	162
0.012395	150
0.0124	138
0.012405	142
0.01241	157
0.012415	137
0.01242	141
0.012425	135
0.01243	154
0.012435	161
0.01244	138
0.012445	159
0.01245	151
0.012455	145
0.01246	144
0.012465	126
0.01247	153
0.012475	145
0.01248	142
0.012485	159
0.01249	146
0.012495	136
0.0125	146
0.012505	157
0.01251	125
0.012515	145
0.01252	143
0.012525	152
0.01253	158
0.012535	146
0.01254	145
0.012545	145
0.01255	156
0.012555	138
0.01256	140
0.012565	153
0.01257	130
0.012575	154
0.01258	114
0.012585	162
0.01259	147
0.012595	140
0.0126	135
0.012605	167
0.01261	143
0.012615	133
0.01262	141
0.012625	148
0.01263	152
0.012635	150
0.01264	146
0.012645	142
0.01265	126
0.012655	150
0.01266	164
0.012665	133
0.01267	149
0.012675	137
0.01268	170
0.012685	138
0.01269	140
0.012695	133
0.0127	148
0.012705	145
0.01271	151
0.012715	153
0.01272	149
0.012725	135
0.01273	138
0.012735	155
0.01274	149
0.012745	146
0.01275	129
0.012755	162
0.01276	148
0.012765	136
0.01277	138
0.012775	145
0.01278	153
0.012785	140
0.01279	162
0.012795	146
0.0128	162
0.012805	163
0.01281	154
0.012815	140
0.01282	145
0.012825	155
0.01283	116
0.012835	154
0.01284	141
0.012845	131
0.01285	151
0.012855	160
0.01286	137
0.012865	128
0.01287	125
0.012875	154
0.01288	142
0.012885	157
0.01289	121
0.012895	138
0.0129	156
0.012905	139
0.01291	150
0.012915	157
0.01292	164
0.012925	149
0.01293	126
0.012935	143
0.01294	161
0.012945	142
0.01295	110
0.012955	153
0.01296	129
0.012965	146
0.01297	126
0.012975	156
0.01298	141
0.012985	143
0.01299	140
0.012995	155
0.013	125
0.013005	146
0.01301	126
0.013015	143
0.01302	136
0.013025	130
0.01303	141
0.013035	133
0.01304	140
0.013045	160
0.01305	137
0.013055	131
0.01306	157
0.013065	139
0.01307	127
0.013075	150
0.01308	137
0.013085	134
0.01309	137
0.013095	159
0.0131	148
0.013105	132
0.01311	126
0.013115	149
0.01312	119
0.013125	153
0.01313	136
0.013135	149
0.01314	120
0.013145	131
0.01315	145
0.013155	148
0.01316	144
0.013165	147
0.01317	119
0.013175	147
0.01318	154
0.013185	117
0.01319	166
0.013195	131
0.0132	167
0.013205	134
0.01321	148
0.013215	141
0.01322	167
0.013225	143
0.01323	146
0.013235	132
0.01324	139
0.013245	129
0.01325	159
0.013255	121
0.01326	136
0.013265	130
0.01327	150
0.013275	156
0.01328	127
0.013285	120
0.01329	131
0.013295	127
0.0133	147
0.013305	127
0.01331	140
0.013315	144
0.01332	123
0.013325	159
0.01333	149
0.013335	134
0.01334	142
0.013345	122
0.01335	121
0.013355	131
0.01336	160
0.013365	136
0.01337	132
0.013375	124
0.01338	161
0.013385	152
0.01339	140
0.013395	138
0.0134	132
0.013405	147
0.01341	136
0.013415	136
0.01342	156
0.013425	150
0.01343	149
0.013435	160
0.01344	151
0.013445	144
0.01345	154
0.013455	137
0.01346	141
0.013465	112
0.01347	150
0.013475	152
0.01348	121
0.013485	121
0.01349	149
0.013495	134
0.0135	153
0.013505	132
0.01351	153
0.013515	148
0.01352	146
0.013525	130
0.01353	142
0.013535	110
0.01354	127
0.013545	129
0.01355	126
0.013555	135
0.01356	147
0.013565	121
0.01357	136
0.013575	126
0.01358	129
0.013585	136
0.01359	139
0.013595	150
0.0136	124
0.013605	148
0.01361	131
0.013615	123
0.01362	135
0.013625	122
0.01363	144
0.013635	139
0.01364	145
0.013645	117
0.01365	135
0.013655	153
0.01366	133
0.013665	115
0.01367	134
0.013675	139
0.01368	134
0.013685	151
0.01369	124
0.013695	127
0.0137	156
0.013705	135
0.01371	121
0.013715	140
0.01372	124
0.013725	120
0.01373	138
0.013735	144
0.01374	122
0.013745	114
0.01375	139
0.013755	123
0.01376	139
0.013765	138
0.01377	144
0.013775	151
0.01378	133
0.013785	153
0.01379	141
0.013795	135
0.0138	132
0.013805	138
0.01381	124
0.013815	141
0.01382	140
0.013825	126
0.01383	139
0.013835	143
0.01384	143
0.013845	141
0.01385	137
0.013855	125
0.01386	162
0.013865	150
0.01387	129
0.013875	122
0.01388	129
0.013885	121
0.01389	133
0.013895	133
0.0139	154
0.013905	123
0.01391	122
0.013915	127
0.01392	135
0.013925	137
0.01393	152
0.013935	129
0.01394	112
0.013945	141
0.01395	131
0.013955	110
0.01396	135
0.013965	124
0.01397	125
0.013975	136
0.01398	138
0.013985	167
0.01399	138
0.013995	134
0.014	117
0.014005	151
0.01401	130
0.014015	128
0.01402	129
0.014025	128
0.01403	143
0.014035	141
0.01404	119
0.014045	123
0.01405	126
0.014055	115
0.01406	134
0.014065	126
0.01407	123
0.014075	117
0.01408	148
0.014085	121
0.01409	145
0.014095	135
0.0141	131
0.014105	144
0.01411	143
0.014115	142
0.01412	124
0.014125	144
0.01413	121
0.014135	141
0.01414	141
0.014145	149
0.01415	120
0.014155	128
0.01416	130
0.014165	140
0.01417	127
0.014175	111
0.01418	139
0.014185	115
0.01419	119
0.014195	143
0.0142	136
0.014205	133
0.01421	121
0.014215	148
0.01422	131
0.014225	129
0.01423	132
0.014235	126
0.01424	130
0.014245	159
0.01425	134
0.014255	121
0.01426	133
0.014265	142
0.01427	150
0.014275	126
0.01428	147
0.014285	117
0.01429	162
0.014295	121
0.0143	140
0.014305	132
0.01431	140
0.014315	129
0.01432	113
0.014325	147
0.01433	140
0.014335	119
0.01434	132
0.014345	124
0.01435	142
0.014355	150
0.01436	137
0.014365	123
0.01437	121
0.014375	137
0.01438	134
0.014385	142
0.01439	131
0.014395	125
0.0144	138
0.014405	128
0.01441	116
0.014415	131
0.01442	145
0.014425	153
0.01443	116
0.014435	142
0.01444	139
0.014445	122
0.01445	129
0.014455	143
0.01446	142
0.014465	144
0.01447	126
0.014475	120
0.01448	122
0.014485	117
0.01449	114
0.014495	154
0.0145	116
0.014505	134
0.01451	140
0.014515	152
0.01452	147
0.014525	147
0.01453	135
0.014535	128
0.01454	122
0.014545	122
0.01455	139
0.014555	131
0.01456	133
0.014565	123
0.01457	145
0.014575	123
0.01458	133
0.014585	146
0.01459	134
0.014595	150
0.0146	140
0.014605	141
0.01461	136
0.014615	135
0.01462	143
0.014625	139
0.01463	130
0.014635	122
0.01464	121
0.014645	154
0.01465	127
0.014655	120
0.01466	134
0.014665	134
0.01467	110
0.014675	141
0.01468	148
0.014685	119
0.01469	138
0.014695	120
0.0147	146
0.014705	118
0.01471	139
0.014715	123
0.01472	128
0.014725	149
0.01473	141
0.014735	143
0.01474	134
0.014745	131
0.01475	133
0.014755	113
0.01476	150
0.014765	132
0.01477	133
0.014775	142
0.01478	120
0.014785	125
0.01479	131
0.014795	121
0.0148	160
0.014805	140
0.01481	118
0.014815	141
0.01482	118
0.014825	136
0.01483	126
0.014835	131
0.01484	122
0.014845	138
0.01485	109
0.014855	120
0.01486	124
0.014865	137
0.01487	124
0.014875	132
0.01488	137
0.014885	127
0.01489	127
0.014895	121
0.0149	136
0.014905	121
0.01491	130
0.014915	129
0.01492	148
0.014925	163
0.01493	116
0.014935	134
0.01494	117
0.014945	140
0.01495	139
0.014955	119
0.01496	143
0.014965	146
0.01497	117
0.014975	126
0.01498	116
0.014985	129
0.01499	140
0.014995	118
0.015	131
0.015005	150
0.01501	122
0.015015	124
0.01502	141
0.015025	123
0.01503	142
0.015035	117
0.01504	105
0.015045	131
0.01505	122
0.015055	128
0.01506	139
0.015065	122
0.01507	121
0.015075	122
0.01508	115
0.015085	110
0.01509	137
0.015095	142
0.0151	111
0.015105	123
0.01511	142
0.015115	144
0.01512	129
0.015125	127
0.01513	124
0.015135	123
0.01514	130
0.015145	129
0.01515	147
0.015155	119
0.01516	141
0.015165	143
0.01517	130
0.015175	127
0.01518	151
0.015185	128
0.01519	111
0.015195	129
0.0152	128
0.015205	131
0.01521	143
0.015215	126
0.01522	125
0.015225	133
0.01523	132
0.015235	154
0.01524	121
0.015245	116
0.01525	123
0.015255	130
0.01526	137
0.015265	123
0.01527	138
0.015275	141
0.01528	128
0.015285	117
0.01529	141
0.015295	119
0.0153	114
0.015305	122
0.01531	136
0.015315	142
0.01532	131
0.015325	134
0.01533	140
0.015335	143
0.01534	147
0.015345	131
0.01535	117
0.015355	118
0.01536	150
0.015365	115
0.01537	130
0.015375	127
0.01538	132
0.015385	127
0.01539	140
0.015395	113
0.0154	133
0.015405	117
0.01541	134
0.015415	136
0.01542	116
0.015425	127
0.01543	109
0.015435	142
0.01544	125
0.015445	127
0.01545	142
0.015455	146
0.01546	136
0.015465	104
0.01547	143
0.015475	123
0.01548	140
0.015485	137
0.01549	140
0.015495	126
0.0155	117
0.015505	137
0.01551	119
0.015515	117
0.01552	113
0.015525	139
0.01553	120
0.015535	135
0.01554	138
0.015545	132
0.01555	132
0.015555	126
0.01556	134
0.015565	150
0.01557	129
0.015575	139
0.01558	126
0.015585	124
0.01559	139
0.015595	125
0.0156	120
0.015605	130
0.01561	133
0.015615	128
0.01562	131
0.015625	133
0.01563	127
0.015635	130
0.01564	124
0.015645	121
0.01565	110
0.015655	132
0.01566	116
0.015665	133
0.01567	133
0.015675	148
0.01568	132
0.015685	139
0.01569	139
0.015695	122
0.0157	120
0.015705	138
0.01571	143
0.015715	124
0.01572	141
0.015725	131
0.01573	144
0.015735	132
0.01574	129
0.015745	116
0.01575	117
0.015755	110
0.01576	135
0.015765	133
0.01577	132
0.015775	134
0.01578	145
0.015785	133
0.01579	106
0.015795	133
0.0158	138
0.015805	133
0.01581	150
0.015815	118
0.01582	127
0.015825	124
0.01583	138
0.015835	112
0.01584	117
0.015845	132
0.01585	135
0.015855	129
0.01586	121
0.015865	118
0.01587	112
0.015875	108
0.01588	124
0.015885	131
0.01589	147
0.015895	106
0.0159	123
0.015905	135
0.01591	126
0.015915	144
0.01592	125
0.015925	127
0.01593	140
0.015935	141
0.01594	133
0.015945	111
0.01595	136
0.015955	118
0.01596	140
0.015965	142
0.01597	129
0.015975	113
0.01598	130
0.015985	127
0.01599	124
0.015995	126
0.016	111
0.016005	145
0.01601	125
0.016015	139
0.01602	138
0.016025	129
0.01603	114
0.016035	120
0.01604	129
0.016045	122
0.01605	128
0.016055	135
0.01606	141
0.016065	114
0.01607	143
0.016075	103
0.01608	125
0.016085	114
0.01609	119
0.016095	120
0.0161	112
0.016105	115
0.01611	129
0.016115	138
0.01612	125
0.016125	113
0.01613	127
0.016135	130
0.01614	124
0.016145	118
0.01615	94
0.016155	123
0.01616	140
0.016165	123
0.01617	137
0.016175	125
0.01618	130
0.016185	124
0.01619	121
0.016195	112
0.0162	119
0.016205	121
0.01621	113
0.016215	118
0.01622	139
0.016225	143
0.01623	136
0.016235	135
0.01624	116
0.016245	123
0.01625	123
0.016255	117
0.01626	143
0.016265	114
0.01627	108
0.016275	124
0.01628	160
0.016285	124
0.01629	109
0.016295	118
0.0163	124
0.016305	108
0.01631	123
0.016315	119
0.01632	135
0.016325	142
0.01633	142
0.016335	129
0.01634	114
0.016345	134
0.01635	116
0.016355	119
0.01636	124
0.016365	145
0.01637	135
0.016375	119
0.01638	129
0.016385	119
0.01639	134
0.016395	105
0.0164	135
0.016405	121
0.01641	126
0.016415	104
0.01642	129
0.016425	128
0.01643	121
0.016435	120
0.01644	110
0.016445	129
0.01645	139
0.016455	116
0.01646	124
0.016465	150
0.01647	134
0.016475	126
0.01648	109
0.016485	133
0.01649	114
0.016495	117
0.0165	138
0.016505	134
0.01651	131
0.016515	99
0.01652	122
0.016525	125
0.01653	123
0.016535	112
0.01654	122
0.016545	128
0.01655	135
0.016555	138
0.01656	126
0.016565	144
0.01657	130
0.016575	138
0.01658	119
0.016585	116
0.01659	111
0.016595	120
0.0166	127
0.016605	117
0.01661	114
0.016615	154
0.01662	136
0.016625	135
0.01663	117
0.016635	139
0.01664	127
0.016645	126
0.01665	116
0.016655	132
0.01666	124
0.016665	123
0.01667	127
0.016675	140
0.01668	117
0.016685	123
0.01669	113
0.016695	139
0.0167	129
0.016705	120
0.01671	128
0.016715	119
0.01672	126
0.016725	140
0.01673	99
0.016735	122
0.01674	121
0.016745	132
0.01675	138
0.016755	120
0.01676	131
0.016765	109
0.01677	105
0.016775	140
0.01678	98
0.016785	117
0.01679	112
0.016795	111
0.0168	138
0.016805	116
0.01681	127
0.016815	136
0.01682	134
0.016825	128
0.01683	143
0.016835	124
0.01684	121
0.016845	125
0.01685	117
0.016855	134
0.01686	124
0.016865	132
0.01687	127
0.016875	132
0.01688	139
0.016885	129
0.01689	116
0.016895	128
0.0169	140
0.016905	130
0.01691	114
0.016915	139
0.01692	114
0.016925	111
0.01693	114
0.016935	130
0.01694	124
0.016945	127
0.01695	111
0.016955	131
0.01696	128
0.016965	141
0.01697	126
0.016975	130
0.01698	124
0.016985	116
0.01699	115
0.016995	113
0.017	122
0.017005	101
0.01701	134
0.017015	149
0.01702	114
0.017025	135
0.01703	138
0.017035	144
0.01704	134
0.017045	122
0.01705	138
0.017055	124
0.01706	124
0.017065	120
0.01707	142
0.017075	114
0.01708	111
0.017085	133
0.01709	112
0.017095	126
0.0171	111
0.017105	132
0.01711	114
0.017115	128
0.01712	127
0.017125	125
0.01713	132
0.017135	131
0.01714	130
0.017145	139
0.01715	128
0.017155	109
0.01716	112
0.017165	111
0.01717	119
0.017175	120
0.01718	125
0.017185	119
0.01719	116
0.017195	138
0.0172	131
0.017205	117
0.01721	129
0.017215	105
0.01722	114
0.017225	112
0.01723	118
0.017235	133
0.01724	117
0.017245	136
0.01725	124
0.017255	142
0.01726	138
0.017265	130
0.01727	138
0.017275	131
0.01728	130
0.017285	128
0.01729	126
0.017295	129
0.0173	113
0.017305	121
0.01731	99
0.017315	119
0.01732	122
0.017325	130
0.01733	129
0.017335	126
0.01734	124
0.017345	113
0.01735	122
0.017355	119
0.01736	129
0.017365	127
0.01737	133
0.017375	118
0.01738	123
0.017385	130
0.01739	106
0.017395	106
0.0174	117
0.017405	120
0.01741	111
0.017415	134
0.01742	120
0.017425	125
0.01743	147
0.017435	110
0.01744	113
0.017445	117
0.01745	147
0.017455	121
0.01746	120
0.017465	122
0.01747	117
0.017475	145
0.01748	125
0.017485	129
0.01749	127
0.017495	107
0.0175	120
0.017505	122
0.01751	123
0.017515	126
0.01752	122
0.017525	146
0.01753	125
0.017535	119
0.01754	130
0.017545	108
0.01755	131
0.017555	135
0.01756	107
0.017565	123
0.01757	116
0.017575	108
0.01758	125
0.017585	129
0.01759	113
0.017595	107
0.0176	139
0.017605	123
0.01761	145
0.017615	107
0.01762	133
0.017625	128
0.01763	127
0.017635	120
0.01764	156
0.017645	128
0.01765	129
0.017655	124
0.01766	117
0.017665	132
0.01767	137
0.017675	120
0.01768	137
0.017685	123
0.01769	122
0.017695	119
0.0177	119
0.017705	113
0.01771	135
0.017715	103
0.01772	118
0.017725	135
0.01773	141
0.017735	108
0.01774	112
0.017745	116
0.01775	106
0.017755	122
0.01776	113
0.017765	141
0.01777	132
0.017775	121
0.01778	94
0.017785	116
0.01779	121
0.017795	124
0.0178	112
0.017805	111
0.01781	107
0.017815	105
0.01782	135
0.017825	135
0.01783	139
0.017835	113
0.01784	134
0.017845	123
0.01785	126
0.017855	144
0.01786	98
0.017865	120
0.01787	120
0.017875	145
0.01788	119
0.017885	149
0.01789	123
0.017895	143
0.0179	125
0.017905	121
0.01791	127
0.017915	128
0.01792	123
0.017925	130
0.01793	118
0.017935	128
0.01794	125
0.017945	118
0.01795	143
0.017955	135
0.01796	124
0.017965	111
0.01797	134
0.017975	117
0.01798	122
0.017985	133
0.01799	115
0.017995	112
0.018	135
0.018005	132
0.01801	136
0.018015	124
0.01802	129
0.018025	104
0.01803	145
0.018035	126
0.01804	132
0.018045	124
0.01805	118
0.018055	135
0.01806	145
0.018065	120
0.01807	121
0.018075	122
0.01808	130
0.018085	116
0.01809	133
0.018095	111
0.0181	107
0.018105	132
0.01811	118
0.018115	125
0.01812	115
0.018125	116
0.01813	129
0.018135	111
0.01814	129
0.018145	129
0.01815	126
0.018155	126
0.01816	127
0.018165	130
0.01817	115
0.018175	119
0.01818	129
0.018185	113
0.01819	132
0.018195	109
0.0182	118
0.018205	109
0.01821	104
0.018215	129
0.01822	144
0.018225	127
0.01823	117
0.018235	125
0.01824	115
0.018245	117
0.01825	118
0.018255	113
0.01826	114
0.018265	120
0.01827	135
0.018275	112
0.01828	114
0.018285	103
0.01829	124
0.018295	111
0.0183	121
0.018305	118
0.01831	127
0.018315	108
0.01832	116
0.018325	101
0.01833	119
0.018335	116
0.01834	119
0.018345	133
0.01835	123
0.018355	124
0.01836	133
0.018365	117
0.01837	115
0.018375	128
0.01838	133
0.018385	113
0.01839	125
0.018395	118
0.0184	121
0.018405	132
0.01841	142
0.018415	134
0.01842	118
0.018425	134
0.01843	125
0.018435	129
0.01844	119
0.018445	113
0.01845	118
0.018455	119
0.01846	105
0.018465	115
0.01847	130
0.018475	130
0.01848	111
0.018485	106
0.01849	122
0.018495	118
0.0185	117
0.018505	121
0.01851	113
0.018515	129
0.01852	107
0.018525	102
0.01853	118
0.018535	121
0.01854	108
0.018545	130
0.01855	153
0.018555	107
0.01856	124
0.018565	117
0.01857	112
0.018575	110
0.01858	137
0.018585	111
0.01859	99
0.018595	122
0.0186	136
0.018605	123
0.01861	134
0.018615	115
0.01862	106
0.018625	113
0.01863	115
0.018635	113
0.01864	112
0.018645	109
0.01865	102
0.018655	131
0.01866	146
0.018665	121
0.01867	109
0.018675	127
0.01868	144
0.018685	126
0.01869	113
0.018695	127
0.0187	122
0.018705	124
0.01871	124
0.018715	95
0.01872	126
0.018725	103
0.01873	119
0.018735	114
0.01874	117
0.018745	147
0.01875	121
0.018755	128
0.01876	123
0.018765	123
0.01877	131
0.018775	129
0.01878	127
0.018785	125
0.01879	141
0.018795	122
0.0188	140
0.018805	137
0.01881	147
0.018815	123
0.01882	119
0.018825	107
0.01883	114
0.018835	111
0.01884	109
0.018845	103
0.01885	116
0.018855	109
0.01886	118
0.018865	121
0.01887	118
0.018875	116
0.01888	107
0.018885	127
0.01889	141
0.018895	110
0.0189	122
0.018905	110
0.01891	113
0.018915	123
0.01892	124
0.018925	114
0.01893	118
0.018935	113
0.01894	112
0.018945	141
0.01895	133
0.018955	122
0.01896	101
0.018965	121
0.01897	127
0.018975	123
0.01898	131
0.018985	123
0.01899	104
0.018995	141
0.019	120
0.019005	132
0.01901	142
0.019015	118
0.01902	128
0.019025	123
0.01903	116
0.019035	119
0.01904	134
0.019045	104
0.01905	124
0.019055	132
0.01906	139
0.019065	113
0.01907	130
0.019075	125
0.01908	118
0.019085	125
0.01909	122
0.019095	101
0.0191	116
0.019105	131
0.01911	117
0.019115	102
0.01912	127
0.019125	135
0.01913	134
0.019135	126
0.01914	137
0.019145	113
0.01915	99
0.019155	109
0.01916	120
0.019165	138
0.01917	105
0.019175	146
0.01918	126
0.019185	119
0.01919	128
0.019195	123
0.0192	118
0.019205	121
0.01921	126
0.019215	124
0.01922	132
0.019225	120
0.01923	109
0.019235	123
0.01924	125
0.019245	135
0.01925	111
0.019255	144
0.01926	121
0.019265	115
0.01927	110
0.019275	126
0.01928	139
0.019285	109
0.01929	111
0.019295	131
0.0193	115
0.019305	118
0.01931	127
0.019315	119
0.01932	115
0.019325	146
0.01933	140
0.019335	134
0.01934	128
0.019345	129
0.01935	121
0.019355	121
0.01936	128
0.019365	119
0.01937	138
0.019375	122
0.01938	132
0.019385	121
0.01939	132
0.019395	134
0.0194	112
0.019405	138
0.01941	112
0.019415	103
0.01942	124
0.019425	141
0.01943	114
0.019435	127
0.01944	124
0.019445	116
0.01945	128
0.019455	136
0.01946	132
0.019465	120
0.01947	116
0.019475	128
0.01948	145
0.019485	111
0.01949	122
0.019495	115
0.0195	116
0.019505	132
0.01951	105
0.019515	110
0.01952	127
0.019525	122
0.01953	133
0.019535	118
0.01954	129
0.019545	126
0.01955	124
0.019555	110
0.01956	136
0.019565	138
0.01957	103
0.019575	106
0.01958	123
0.019585	126
0.01959	132
0.019595	119
0.0196	102
0.019605	126
0.01961	121
0.019615	128
0.01962	118
0.019625	128
0.01963	129
0.019635	116
0.01964	137
0.019645	128
0.01965	98
0.019655	152
0.01966	116
0.019665	147
0.01967	125
0.019675	103
0.01968	118
0.019685	138
0.01969	143
0.019695	126
0.0197	121
0.019705	112
0.01971	122
0.019715	125
0.01972	108
0.019725	123
0.01973	126
0.019735	123
0.01974	136
0.019745	116
0.01975	115
0.019755	138
0.01976	139
0.019765	134
0.01977	148
0.019775	112
0.01978	133
0.019785	148
0.01979	132
0.019795	140
0.0198	118
0.019805	118
0.01981	129
0.019815	134
0.01982	123
0.019825	121
0.01983	124
0.019835	116
0.01984	117
0.019845	139
0.01985	124
0.019855	132
0.01986	122
0.019865	120
0.01987	118
0.019875	130
0.01988	126
0.019885	136
0.01989	106
0.019895	156
0.0199	106
0.019905	126
0.01991	126
0.019915	123
0.01992	135
0.019925	116
0.01993	143
0.019935	126
0.01994	117
0.019945	122
0.01995	128
0.019955	140
0.01996	102
0.019965	129
0.01997	121
0.019975	119
0.01998	130
0.019985	119
0.01999	130
0.019995	113
