0	0.49237668161435
4.0960000000001E-7	0.601793721973094
8.1920000000002E-7	0.715695067264574
1.22879999999992E-6	0.794618834080718
1.63840000000004E-6	0.913004484304933
2.04799999999994E-6	0.91390134529148
2.45759999999995E-6	0.922869955156951
2.86719999999996E-6	0.955156950672646
3.27679999999997E-6	0.954260089686099
3.68639999999998E-6	0.962331838565022
4.09599999999999E-6	0.958744394618834
4.50559999999989E-6	0.982959641255605
4.91520000000001E-6	0.990134529147982
5.32479999999991E-6	0.943497757847534
5.73440000000003E-6	0.991928251121076
6.14399999999993E-6	0.992825112107623
6.55359999999994E-6	1
6.96319999999995E-6	0.947982062780269
7.37279999999996E-6	0.976681614349776
7.78239999999997E-6	0.940807174887892
8.19199999999998E-6	0.939013452914798
8.60159999999988E-6	0.964125560538117
9.0112E-6	0.914798206278027
9.4207999999999E-6	0.967713004484305
9.83040000000002E-6	0.901345291479821
1.02399999999999E-5	0.953363228699552
1.06495999999999E-5	0.936322869955157
1.10591999999999E-5	0.944394618834081
1.14687999999999E-5	0.903139013452915
1.18784E-5	0.855605381165919
1.2288E-5	0.879820627802691
1.26976E-5	0.924663677130045
1.31072E-5	0.867264573991031
1.35168E-5	0.886995515695067
1.39264E-5	0.851121076233184
1.4336E-5	0.848430493273543
1.47455999999999E-5	0.837668161434978
1.51551999999999E-5	0.878026905829596
1.55647999999999E-5	0.838565022421525
1.59744000000001E-5	0.859192825112108
1.6384E-5	0.829596412556054
1.67936E-5	0.813452914798206
1.72031999999999E-5	0.869955156950673
1.76128E-5	0.860986547085202
1.80224E-5	0.789237668161435
1.8432E-5	0.791928251121076
1.88415999999999E-5	0.813452914798206
1.92511999999999E-5	0.817937219730942
1.96607999999999E-5	0.808071748878924
2.00704E-5	0.851121076233184
2.04799999999999E-5	0.79372197309417
2.08896E-5	0.804484304932735
2.12991999999999E-5	0.77219730941704
2.17088E-5	0.840358744394619
2.21184E-5	0.796412556053812
2.2528E-5	0.783856502242152
2.29375999999999E-5	0.752466367713004
2.33471999999999E-5	0.792825112107623
2.37567999999999E-5	0.794618834080718
2.41664E-5	0.722869955156951
2.45759999999999E-5	0.782062780269058
2.49855999999999E-5	0.758744394618834
2.53951999999998E-5	0.714798206278027
2.58048E-5	0.755156950672646
2.62144000000001E-5	0.787443946188341
2.6624E-5	0.748878923766816
2.70336E-5	0.740807174887892
2.74431999999999E-5	0.743497757847534
2.78528E-5	0.737219730941704
2.82624E-5	0.720179372197309
2.8672E-5	0.720179372197309
2.90815999999999E-5	0.681614349775785
2.94911999999999E-5	0.71390134529148
2.99007999999998E-5	0.720179372197309
3.03104000000001E-5	0.693273542600897
3.072E-5	0.743497757847534
3.11296E-5	0.64304932735426
3.15391999999999E-5	0.708520179372197
3.19487999999999E-5	0.718385650224215
3.23584E-5	0.665470852017937
3.2768E-5	0.683408071748879
3.31775999999999E-5	0.693273542600897
3.35871999999999E-5	0.681614349775785
3.39967999999998E-5	0.68609865470852
3.44064000000001E-5	0.695067264573991
3.4816E-5	0.672645739910314
3.52256E-5	0.648430493273543
3.56351999999999E-5	0.659192825112108
3.60447999999999E-5	0.659192825112108
3.64544E-5	0.67085201793722
3.6864E-5	0.677130044843049
3.72735999999999E-5	0.68609865470852
3.76831999999999E-5	0.645739910313901
3.80927999999998E-5	0.686995515695067
3.85024E-5	0.645739910313901
3.89120000000001E-5	0.62780269058296
3.93216E-5	0.64304932735426
3.97312E-5	0.623318385650224
4.01407999999999E-5	0.619730941704036
4.05504000000001E-5	0.645739910313901
4.096E-5	0.598206278026906
4.13696E-5	0.597309417040359
4.17791999999999E-5	0.617040358744395
4.21887999999999E-5	0.618834080717489
4.25983999999999E-5	0.639461883408072
4.3008E-5	0.626008968609865
4.34175999999999E-5	0.617040358744395
4.38272E-5	0.583856502242152
4.42367999999999E-5	0.594618834080717
4.46464E-5	0.567713004484305
4.5056E-5	0.580269058295964
4.54656E-5	0.540807174887892
4.58751999999999E-5	0.581165919282511
4.62847999999999E-5	0.554260089686099
4.66943999999999E-5	0.565022421524664
4.7104E-5	0.574887892376682
4.75135999999999E-5	0.580269058295964
4.79231999999999E-5	0.565919282511211
4.83327999999998E-5	0.52914798206278
4.87424E-5	0.573094170403587
4.9152E-5	0.548878923766816
4.95616E-5	0.591031390134529
4.99711999999999E-5	0.548878923766816
5.03807999999999E-5	0.539013452914798
5.07904E-5	0.530941704035874
5.12E-5	0.542600896860987
5.16096E-5	0.558744394618834
5.20191999999999E-5	0.504035874439462
5.24287999999999E-5	0.569506726457399
5.28384E-5	0.530044843049327
5.32480000000001E-5	0.573094170403587
5.36576E-5	0.517488789237668
5.40672E-5	0.511210762331839
5.44767999999999E-5	0.504035874439462
5.48864E-5	0.514798206278027
5.5296E-5	0.551569506726457
5.57056E-5	0.503139013452915
5.61151999999999E-5	0.537219730941704
5.65247999999999E-5	0.513004484304933
5.69343999999999E-5	0.472645739910314
5.7344E-5	0.517488789237668
5.77536E-5	0.502242152466368
5.81632E-5	0.509417040358744
5.85727999999999E-5	0.511210762331839
5.89824E-5	0.532735426008969
5.93919999999999E-5	0.471748878923767
5.98016E-5	0.509417040358744
6.02111999999999E-5	0.521973094170404
6.06207999999999E-5	0.498654708520179
6.10303999999999E-5	0.462780269058296
6.14399999999999E-5	0.495067264573991
6.18495999999999E-5	0.47085201793722
6.22592E-5	0.46457399103139
6.26687999999999E-5	0.472645739910314
6.30784E-5	0.455605381165919
6.3488E-5	0.44304932735426
6.38976E-5	0.497757847533632
6.43072E-5	0.47085201793722
6.47167999999999E-5	0.499551569506726
6.51264E-5	0.452017937219731
6.55359999999999E-5	0.471748878923767
6.59456E-5	0.495067264573991
6.63551999999999E-5	0.418834080717489
6.67648E-5	0.460986547085202
6.71744E-5	0.400896860986547
6.7584E-5	0.474439461883408
6.79936E-5	0.425112107623318
6.84032E-5	0.442152466367713
6.88127999999999E-5	0.469955156950673
6.92224E-5	0.426008968609865
6.96319999999999E-5	0.446636771300448
7.00415999999999E-5	0.43677130044843
7.04511999999999E-5	0.438565022421525
7.08607999999999E-5	0.430493273542601
7.12704E-5	0.412556053811659
7.168E-5	0.405381165919283
7.20895999999999E-5	0.400896860986547
7.24992E-5	0.414349775784753
7.29087999999999E-5	0.409865470852018
7.33184E-5	0.385650224215247
7.37279999999999E-5	0.423318385650224
7.41375999999999E-5	0.408968609865471
7.45471999999999E-5	0.383856502242152
7.49567999999999E-5	0.4152466367713
7.53664000000001E-5	0.410762331838565
7.5776E-5	0.43677130044843
7.61856E-5	0.395515695067265
7.65952E-5	0.418834080717489
7.70048E-5	0.398206278026906
7.74144E-5	0.357847533632287
7.7824E-5	0.390134529147982
7.82335999999999E-5	0.373094170403587
7.86432E-5	0.373991031390135
7.90527999999999E-5	0.389237668161435
7.94624E-5	0.366816143497758
7.98719999999999E-5	0.4
8.02816E-5	0.403587443946188
8.06912E-5	0.391928251121076
8.11008E-5	0.380269058295964
8.15104E-5	0.356053811659193
8.192E-5	0.386547085201794
8.23295999999999E-5	0.337219730941704
8.27392E-5	0.402690582959641
8.31487999999999E-5	0.345291479820628
8.35584E-5	0.377578475336323
8.39679999999999E-5	0.360538116591928
8.43775999999999E-5	0.354260089686099
8.47872E-5	0.339013452914798
8.51968E-5	0.370403587443946
8.56064E-5	0.409865470852018
8.6016E-5	0.346188340807175
8.64255999999999E-5	0.347982062780269
8.68351999999999E-5	0.344394618834081
8.72447999999999E-5	0.355156950672646
8.76544E-5	0.35067264573991
8.8064E-5	0.361434977578475
8.84735999999999E-5	0.31390134529148
8.88831999999999E-5	0.310313901345291
8.92927999999999E-5	0.343497757847534
8.97024000000001E-5	0.298654708520179
9.0112E-5	0.323766816143498
9.05216E-5	0.317488789237668
9.09311999999999E-5	0.302242152466368
9.13408E-5	0.321973094170404
9.17504E-5	0.33542600896861
9.216E-5	0.304932735426009
9.25695999999999E-5	0.321973094170404
9.29791999999999E-5	0.338116591928251
9.33887999999999E-5	0.324663677130045
9.37984000000001E-5	0.294170403587444
9.4208E-5	0.320179372197309
9.46176E-5	0.310313901345291
9.50271999999999E-5	0.279820627802691
9.54368E-5	0.276233183856502
9.58464E-5	0.315695067264574
9.6256E-5	0.303139013452915
9.66655999999999E-5	0.316591928251121
9.70751999999999E-5	0.332735426008969
9.74847999999999E-5	0.312107623318386
9.78944000000001E-5	0.297757847533632
9.83039999999999E-5	0.272645739910314
9.87136E-5	0.300448430493274
9.91231999999999E-5	0.279820627802691
9.95327999999999E-5	0.302242152466368
9.99424000000001E-5	0.318385650224215
1.00352E-4	0.291479820627803
1.007616E-4	0.280717488789238
1.011712E-4	0.299551569506726
1.015808E-4	0.310313901345291
1.019904E-4	0.253811659192825
1.024E-4	0.288789237668161
1.028096E-4	0.300448430493274
1.032192E-4	0.283408071748879
1.036288E-4	0.26457399103139
1.040384E-4	0.295964125560538
1.04448E-4	0.285201793721973
1.048576E-4	0.254708520179372
1.052672E-4	0.260986547085202
1.056768E-4	0.257399103139013
1.060864E-4	0.272645739910314
1.06496E-4	0.274439461883408
1.069056E-4	0.250224215246637
1.073152E-4	0.242152466367713
1.077248E-4	0.247533632286996
1.081344E-4	0.261883408071749
1.08544E-4	0.267264573991031
1.089536E-4	0.233183856502242
1.093632E-4	0.250224215246637
1.097728E-4	0.230493273542601
1.101824E-4	0.236771300448431
1.10592E-4	0.234080717488789
1.110016E-4	0.229596412556054
1.114112E-4	0.269955156950673
1.118208E-4	0.260986547085202
1.122304E-4	0.239461883408072
1.1264E-4	0.233183856502242
1.130496E-4	0.247533632286996
1.134592E-4	0.238565022421525
1.138688E-4	0.265470852017937
1.142784E-4	0.228699551569507
1.14688E-4	0.228699551569507
1.150976E-4	0.233183856502242
1.155072E-4	0.247533632286996
1.159168E-4	0.242152466367713
1.163264E-4	0.250224215246637
1.16736E-4	0.229596412556054
1.171456E-4	0.185650224215247
1.175552E-4	0.22780269058296
1.179648E-4	0.22152466367713
1.183744E-4	0.235874439461883
1.18784E-4	0.238565022421525
1.191936E-4	0.235874439461883
1.196032E-4	0.203587443946188
1.200128E-4	0.226008968609865
1.204224E-4	0.200896860986547
1.20832E-4	0.209865470852018
1.212416E-4	0.201793721973094
1.216512E-4	0.217937219730942
1.220608E-4	0.2152466367713
1.224704E-4	0.231390134529148
1.2288E-4	0.226008968609865
1.232896E-4	0.22152466367713
1.236992E-4	0.213452914798206
1.241088E-4	0.217937219730942
1.245184E-4	0.210762331838565
1.24928E-4	0.223318385650224
1.253376E-4	0.205381165919283
1.257472E-4	0.191928251121076
1.261568E-4	0.207174887892377
1.265664E-4	0.208968609865471
1.26976E-4	0.210762331838565
1.273856E-4	0.197309417040359
1.277952E-4	0.205381165919283
1.282048E-4	0.205381165919283
1.286144E-4	0.20627802690583
1.29024E-4	0.200896860986547
1.294336E-4	0.203587443946188
1.298432E-4	0.200896860986547
1.302528E-4	0.174887892376682
1.306624E-4	0.205381165919283
1.31072E-4	0.200896860986547
1.314816E-4	0.2152466367713
1.318912E-4	0.213452914798206
1.323008E-4	0.190134529147982
1.327104E-4	0.189237668161435
1.3312E-4	0.153363228699552
1.335296E-4	0.19372197309417
1.339392E-4	0.180269058295964
1.343488E-4	0.177578475336323
1.347584E-4	0.194618834080717
1.35168E-4	0.185650224215247
1.355776E-4	0.2
1.359872E-4	0.19372197309417
1.363968E-4	0.195515695067265
1.368064E-4	0.154260089686099
1.37216E-4	0.181165919282511
1.376256E-4	0.170403587443946
1.380352E-4	0.191928251121076
1.384448E-4	0.173991031390135
1.388544E-4	0.169506726457399
1.39264E-4	0.182959641255605
1.396736E-4	0.1847533632287
1.400832E-4	0.166816143497758
1.404928E-4	0.157847533632287
1.409024E-4	0.195515695067265
1.41312E-4	0.173094170403587
1.417216E-4	0.162331838565022
1.421312E-4	0.187443946188341
1.425408E-4	0.159641255605381
1.429504E-4	0.17847533632287
1.4336E-4	0.16322869955157
1.437696E-4	0.160538116591928
1.441792E-4	0.173991031390135
1.445888E-4	0.159641255605381
1.449984E-4	0.160538116591928
1.45408E-4	0.161434977578475
1.458176E-4	0.15695067264574
1.462272E-4	0.168609865470852
1.466368E-4	0.182062780269058
1.470464E-4	0.155156950672646
1.47456E-4	0.161434977578475
1.478656E-4	0.134529147982063
1.482752E-4	0.165022421524664
1.486848E-4	0.138116591928251
1.490944E-4	0.158744394618834
1.49504E-4	0.154260089686099
1.499136E-4	0.145291479820628
1.503232E-4	0.165919282511211
1.507328E-4	0.15067264573991
1.511424E-4	0.153363228699552
1.51552E-4	0.166816143497758
1.519616E-4	0.157847533632287
1.523712E-4	0.153363228699552
1.527808E-4	0.143497757847534
1.531904E-4	0.139910313901345
1.536E-4	0.12914798206278
1.540096E-4	0.146188340807175
1.544192E-4	0.13542600896861
1.548288E-4	0.145291479820628
1.552384E-4	0.132735426008969
1.55648E-4	0.130941704035874
1.560576E-4	0.134529147982063
1.564672E-4	0.136322869955157
1.568768E-4	0.145291479820628
1.572864E-4	0.134529147982063
1.57696E-4	0.141704035874439
1.581056E-4	0.116591928251121
1.585152E-4	0.145291479820628
1.589248E-4	0.125560538116592
1.593344E-4	0.136322869955157
1.59744E-4	0.125560538116592
1.601536E-4	0.124663677130045
1.605632E-4	0.143497757847534
1.609728E-4	0.143497757847534
1.613824E-4	0.137219730941704
1.61792E-4	0.157847533632287
1.622016E-4	0.121076233183857
1.626112E-4	0.142600896860987
1.630208E-4	0.140807174887892
1.634304E-4	0.123766816143498
1.6384E-4	0.13542600896861
1.642496E-4	0.128251121076233
1.646592E-4	0.114798206278027
1.650688E-4	0.137219730941704
1.654784E-4	0.131838565022422
1.65888E-4	0.141704035874439
1.662976E-4	0.123766816143498
1.667072E-4	0.131838565022422
1.671168E-4	0.118385650224215
1.675264E-4	0.121076233183857
1.67936E-4	0.122869955156951
1.683456E-4	0.114798206278027
1.687552E-4	0.126457399103139
1.691648E-4	0.134529147982063
1.695744E-4	0.108520179372197
1.69984E-4	0.117488789237668
1.703936E-4	0.116591928251121
1.708032E-4	0.121973094170404
1.712128E-4	0.114798206278027
1.716224E-4	0.119282511210762
1.72032E-4	0.123766816143498
1.724416E-4	0.100448430493274
1.728512E-4	0.125560538116592
1.732608E-4	0.125560538116592
1.736704E-4	0.101345291479821
1.7408E-4	0.118385650224215
1.744896E-4	0.112107623318386
1.748992E-4	0.11390134529148
1.753088E-4	0.113004484304933
1.757184E-4	0.121076233183857
1.76128E-4	0.113004484304933
1.765376E-4	0.102242152466368
1.769472E-4	0.113004484304933
1.773568E-4	0.105829596412556
1.777664E-4	0.0941704035874439
1.78176E-4	0.105829596412556
1.785856E-4	0.112107623318386
1.789952E-4	0.120179372197309
1.794048E-4	0.109417040358744
1.798144E-4	0.0959641255605381
1.80224E-4	0.0986547085201794
1.806336E-4	0.0986547085201794
1.810432E-4	0.116591928251121
1.814528E-4	0.121076233183857
1.818624E-4	0.114798206278027
1.82272E-4	0.0968609865470852
1.826816E-4	0.102242152466368
1.830912E-4	0.10762331838565
1.835008E-4	0.103139013452915
1.839104E-4	0.0887892376681614
1.8432E-4	0.0753363228699552
1.847296E-4	0.0959641255605381
1.851392E-4	0.116591928251121
1.855488E-4	0.110313901345291
1.859584E-4	0.101345291479821
1.86368E-4	0.0852017937219731
1.867776E-4	0.101345291479821
1.871872E-4	0.0986547085201794
1.875968E-4	0.0869955156950673
1.880064E-4	0.0887892376681614
1.88416E-4	0.0986547085201794
1.888256E-4	0.0878923766816144
1.892352E-4	0.10762331838565
1.896448E-4	0.110313901345291
1.900544E-4	0.100448430493274
1.90464E-4	0.084304932735426
1.908736E-4	0.0869955156950673
1.912832E-4	0.0905829596412556
1.916928E-4	0.111210762331839
1.921024E-4	0.102242152466368
1.92512E-4	0.0923766816143498
1.929216E-4	0.0878923766816144
1.933312E-4	0.100448430493274
1.937408E-4	0.110313901345291
1.941504E-4	0.0860986547085202
1.9456E-4	0.101345291479821
1.949696E-4	0.0968609865470852
1.953792E-4	0.0914798206278027
1.957888E-4	0.0887892376681614
1.961984E-4	0.0816143497757848
1.96608E-4	0.0986547085201794
1.970176E-4	0.0816143497757848
1.974272E-4	0.073542600896861
1.978368E-4	0.0798206278026906
1.982464E-4	0.084304932735426
1.98656E-4	0.111210762331839
1.990656E-4	0.0852017937219731
1.994752E-4	0.0852017937219731
1.998848E-4	0.0977578475336323
2.002944E-4	0.0968609865470852
2.00704E-4	0.0744394618834081
2.011136E-4	0.0869955156950673
2.015232E-4	0.073542600896861
2.019328E-4	0.0860986547085202
2.023424E-4	0.0654708520179372
2.02752E-4	0.0905829596412556
2.031616E-4	0.0941704035874439
2.035712E-4	0.0816143497757848
2.039808E-4	0.0672645739910314
2.043904E-4	0.0717488789237668
2.048E-4	0.0852017937219731
2.052096E-4	0.0852017937219731
2.056192E-4	0.084304932735426
2.060288E-4	0.0860986547085202
2.064384E-4	0.0798206278026906
2.06848E-4	0.0753363228699552
2.072576E-4	0.0726457399103139
2.076672E-4	0.0807174887892377
2.080768E-4	0.0789237668161435
2.084864E-4	0.0726457399103139
2.08896E-4	0.0816143497757848
2.093056E-4	0.0726457399103139
2.097152E-4	0.0726457399103139
2.101248E-4	0.0771300448430493
2.105344E-4	0.0771300448430493
2.10944E-4	0.0825112107623318
2.113536E-4	0.0780269058295964
2.117632E-4	0.0744394618834081
2.121728E-4	0.0753363228699552
2.125824E-4	0.0654708520179372
2.12992E-4	0.0699551569506726
2.134016E-4	0.0834080717488789
2.138112E-4	0.0825112107623318
2.142208E-4	0.062780269058296
2.146304E-4	0.0753363228699552
2.1504E-4	0.0780269058295964
2.154496E-4	0.0654708520179372
2.158592E-4	0.0789237668161435
2.162688E-4	0.0780269058295964
2.166784E-4	0.0726457399103139
2.17088E-4	0.0699551569506726
2.174976E-4	0.0708520179372197
2.179072E-4	0.073542600896861
2.183168E-4	0.0717488789237668
2.187264E-4	0.0654708520179372
2.19136E-4	0.0690582959641256
2.195456E-4	0.0690582959641256
2.199552E-4	0.0600896860986547
2.203648E-4	0.0591928251121076
2.207744E-4	0.0708520179372197
2.21184E-4	0.0600896860986547
2.215936E-4	0.0600896860986547
2.220032E-4	0.062780269058296
2.224128E-4	0.0789237668161435
2.228224E-4	0.0520179372197309
2.23232E-4	0.0565022421524664
2.236416E-4	0.0717488789237668
2.240512E-4	0.0681614349775785
2.244608E-4	0.0600896860986547
2.248704E-4	0.0663677130044843
2.2528E-4	0.0412556053811659
2.256896E-4	0.0708520179372197
2.260992E-4	0.0690582959641256
2.265088E-4	0.0690582959641256
2.269184E-4	0.0600896860986547
2.27328E-4	0.0565022421524664
2.277376E-4	0.0726457399103139
2.281472E-4	0.0690582959641256
2.285568E-4	0.0493273542600897
2.289664E-4	0.052914798206278
2.29376E-4	0.0726457399103139
2.297856E-4	0.0547085201793722
2.301952E-4	0.0690582959641256
2.306048E-4	0.0744394618834081
2.310144E-4	0.0502242152466368
2.31424E-4	0.0582959641255605
2.318336E-4	0.0609865470852018
2.322432E-4	0.063677130044843
2.326528E-4	0.0565022421524664
2.330624E-4	0.063677130044843
2.33472E-4	0.0565022421524664
2.338816E-4	0.0511210762331839
2.342912E-4	0.0582959641255605
2.347008E-4	0.0565022421524664
2.351104E-4	0.0681614349775785
2.3552E-4	0.0439461883408072
2.359296E-4	0.0538116591928251
2.363392E-4	0.0547085201793722
2.367488E-4	0.0681614349775785
2.371584E-4	0.0484304932735426
2.37568E-4	0.0582959641255605
2.379776E-4	0.0582959641255605
2.383872E-4	0.0663677130044843
2.387968E-4	0.063677130044843
2.392064E-4	0.0502242152466368
2.39616E-4	0.0466367713004484
2.400256E-4	0.063677130044843
2.404352E-4	0.0484304932735426
2.408448E-4	0.0618834080717489
2.412544E-4	0.0556053811659193
2.41664E-4	0.0385650224215247
2.420736E-4	0.0475336322869955
2.424832E-4	0.0591928251121076
2.428928E-4	0.062780269058296
2.433024E-4	0.0591928251121076
2.43712E-4	0.0448430493273543
2.441216E-4	0.0600896860986547
2.445312E-4	0.0511210762331839
2.449408E-4	0.0466367713004484
2.453504E-4	0.0520179372197309
2.4576E-4	0.0690582959641256
2.461696E-4	0.0591928251121076
2.465792E-4	0.0493273542600897
2.469888E-4	0.0556053811659193
2.473984E-4	0.0547085201793722
2.47808E-4	0.0475336322869955
2.482176E-4	0.0475336322869955
2.486272E-4	0.0457399103139013
2.490368E-4	0.0502242152466368
2.494464E-4	0.0547085201793722
2.49856E-4	0.0565022421524664
2.502656E-4	0.0654708520179372
2.506752E-4	0.0547085201793722
2.510848E-4	0.0591928251121076
2.514944E-4	0.0582959641255605
2.51904E-4	0.0520179372197309
2.523136E-4	0.0565022421524664
2.527232E-4	0.0385650224215247
2.531328E-4	0.042152466367713
2.535424E-4	0.0547085201793722
2.53952E-4	0.0493273542600897
2.543616E-4	0.0502242152466368
2.547712E-4	0.0493273542600897
2.551808E-4	0.0493273542600897
2.555904E-4	0.042152466367713
2.56E-4	0.0484304932735426
2.564096E-4	0.0457399103139013
2.568192E-4	0.0430493273542601
2.572288E-4	0.0439461883408072
2.576384E-4	0.042152466367713
2.58048E-4	0.0457399103139013
2.584576E-4	0.0484304932735426
2.588672E-4	0.063677130044843
2.592768E-4	0.0475336322869955
2.596864E-4	0.0448430493273543
2.60096E-4	0.0403587443946188
2.605056E-4	0.0403587443946188
2.609152E-4	0.0331838565022422
2.613248E-4	0.0412556053811659
2.617344E-4	0.0457399103139013
2.62144E-4	0.0493273542600897
2.625536E-4	0.0394618834080717
2.629632E-4	0.0484304932735426
2.633728E-4	0.0457399103139013
2.637824E-4	0.042152466367713
2.64192E-4	0.0322869955156951
2.646016E-4	0.0322869955156951
2.650112E-4	0.0430493273542601
2.654208E-4	0.042152466367713
2.658304E-4	0.0457399103139013
2.6624E-4	0.0511210762331839
2.666496E-4	0.0358744394618834
2.670592E-4	0.0412556053811659
2.674688E-4	0.0394618834080717
2.678784E-4	0.0385650224215247
2.68288E-4	0.0511210762331839
2.686976E-4	0.0412556053811659
2.691072E-4	0.0349775784753363
2.695168E-4	0.042152466367713
2.699264E-4	0.0340807174887892
2.70336E-4	0.042152466367713
2.707456E-4	0.0385650224215247
2.711552E-4	0.0466367713004484
2.715648E-4	0.0493273542600897
2.719744E-4	0.0278026905829596
2.72384E-4	0.0349775784753363
2.727936E-4	0.0439461883408072
2.732032E-4	0.0331838565022422
2.736128E-4	0.0367713004484305
2.740224E-4	0.0331838565022422
2.74432E-4	0.0358744394618834
2.748416E-4	0.0349775784753363
2.752512E-4	0.0367713004484305
2.756608E-4	0.0430493273542601
2.760704E-4	0.0394618834080717
2.7648E-4	0.0295964125560538
2.768896E-4	0.0224215246636771
2.772992E-4	0.0322869955156951
2.777088E-4	0.0394618834080717
2.781184E-4	0.0448430493273543
2.78528E-4	0.0358744394618834
2.789376E-4	0.0331838565022422
2.793472E-4	0.0331838565022422
2.797568E-4	0.0457399103139013
2.801664E-4	0.0367713004484305
2.80576E-4	0.0295964125560538
2.809856E-4	0.0295964125560538
2.813952E-4	0.0367713004484305
2.818048E-4	0.0466367713004484
2.822144E-4	0.0376681614349776
2.82624E-4	0.0412556053811659
2.830336E-4	0.0331838565022422
2.834432E-4	0.0430493273542601
2.838528E-4	0.0322869955156951
2.842624E-4	0.031390134529148
2.84672E-4	0.0269058295964126
2.850816E-4	0.0358744394618834
2.854912E-4	0.0331838565022422
2.859008E-4	0.0278026905829596
2.863104E-4	0.0349775784753363
2.8672E-4	0.0358744394618834
2.871296E-4	0.0358744394618834
2.875392E-4	0.0394618834080717
2.879488E-4	0.0295964125560538
2.883584E-4	0.0331838565022422
2.88768E-4	0.0367713004484305
2.891776E-4	0.0331838565022422
2.895872E-4	0.0304932735426009
2.899968E-4	0.0403587443946188
2.904064E-4	0.0295964125560538
2.90816E-4	0.0340807174887892
2.912256E-4	0.0286995515695067
2.916352E-4	0.0367713004484305
2.920448E-4	0.0286995515695067
2.924544E-4	0.042152466367713
2.92864E-4	0.0269058295964126
2.932736E-4	0.0349775784753363
2.936832E-4	0.0269058295964126
2.940928E-4	0.0367713004484305
2.945024E-4	0.031390134529148
2.94912E-4	0.020627802690583
2.953216E-4	0.0394618834080717
2.957312E-4	0.0286995515695067
2.961408E-4	0.0269058295964126
2.965504E-4	0.0376681614349776
2.9696E-4	0.0295964125560538
2.973696E-4	0.0367713004484305
2.977792E-4	0.0304932735426009
2.981888E-4	0.0340807174887892
2.985984E-4	0.0367713004484305
2.99008E-4	0.0376681614349776
2.994176E-4	0.0331838565022422
2.998272E-4	0.0295964125560538
3.002368E-4	0.0340807174887892
3.006464E-4	0.0260089686098655
3.01056E-4	0.0251121076233184
3.014656E-4	0.0304932735426009
3.018752E-4	0.0439461883408072
3.022848E-4	0.0233183856502242
3.026944E-4	0.0295964125560538
3.03104E-4	0.0233183856502242
3.035136E-4	0.0224215246636771
3.039232E-4	0.0331838565022422
3.043328E-4	0.0242152466367713
3.047424E-4	0.0322869955156951
3.05152E-4	0.0394618834080717
3.055616E-4	0.0269058295964126
3.059712E-4	0.0295964125560538
3.063808E-4	0.0197309417040359
3.067904E-4	0.031390134529148
3.072E-4	0.0197309417040359
3.076096E-4	0.0322869955156951
3.080192E-4	0.0278026905829596
3.084288E-4	0.0286995515695067
3.088384E-4	0.0304932735426009
3.09248E-4	0.0286995515695067
3.096576E-4	0.0295964125560538
3.100672E-4	0.0224215246636771
3.104768E-4	0.0179372197309417
3.108864E-4	0.02152466367713
3.11296E-4	0.0331838565022422
3.117056E-4	0.0322869955156951
3.121152E-4	0.0242152466367713
3.125248E-4	0.0224215246636771
3.129344E-4	0.0322869955156951
3.13344E-4	0.0322869955156951
3.137536E-4	0.02152466367713
3.141632E-4	0.0304932735426009
3.145728E-4	0.0233183856502242
3.149824E-4	0.0170403587443946
3.15392E-4	0.0233183856502242
3.158016E-4	0.02152466367713
3.162112E-4	0.0269058295964126
3.166208E-4	0.0233183856502242
3.170304E-4	0.0278026905829596
3.1744E-4	0.0251121076233184
3.178496E-4	0.031390134529148
3.182592E-4	0.0304932735426009
3.186688E-4	0.0197309417040359
3.190784E-4	0.0322869955156951
3.19488E-4	0.0286995515695067
3.198976E-4	0.0224215246636771
3.203072E-4	0.0233183856502242
3.207168E-4	0.0278026905829596
3.211264E-4	0.0304932735426009
3.21536E-4	0.0286995515695067
3.219456E-4	0.0224215246636771
3.223552E-4	0.02152466367713
3.227648E-4	0.0260089686098655
3.231744E-4	0.0224215246636771
3.23584E-4	0.0233183856502242
3.239936E-4	0.0260089686098655
3.244032E-4	0.0304932735426009
3.248128E-4	0.0278026905829596
3.252224E-4	0.02152466367713
3.25632E-4	0.0188340807174888
3.260416E-4	0.0233183856502242
3.264512E-4	0.0278026905829596
3.268608E-4	0.0242152466367713
3.272704E-4	0.020627802690583
3.2768E-4	0.0179372197309417
3.280896E-4	0.0233183856502242
3.284992E-4	0.0197309417040359
3.289088E-4	0.0269058295964126
3.293184E-4	0.0251121076233184
3.29728E-4	0.0260089686098655
3.301376E-4	0.0233183856502242
3.305472E-4	0.0260089686098655
3.309568E-4	0.0224215246636771
3.313664E-4	0.0170403587443946
3.31776E-4	0.020627802690583
3.321856E-4	0.0260089686098655
3.325952E-4	0.02152466367713
3.330048E-4	0.0278026905829596
3.334144E-4	0.0170403587443946
3.33824E-4	0.0188340807174888
3.342336E-4	0.0269058295964126
3.346432E-4	0.0233183856502242
3.350528E-4	0.0224215246636771
3.354624E-4	0.0278026905829596
3.35872E-4	0.02152466367713
3.362816E-4	0.02152466367713
3.366912E-4	0.0197309417040359
3.371008E-4	0.0242152466367713
3.375104E-4	0.0295964125560538
3.3792E-4	0.02152466367713
3.383296E-4	0.0278026905829596
3.387392E-4	0.0152466367713004
3.391488E-4	0.0125560538116592
3.395584E-4	0.0242152466367713
3.39968E-4	0.020627802690583
3.403776E-4	0.0233183856502242
3.407872E-4	0.0224215246636771
3.411968E-4	0.0143497757847534
3.416064E-4	0.0179372197309417
3.42016E-4	0.0143497757847534
3.424256E-4	0.0170403587443946
3.428352E-4	0.0197309417040359
3.432448E-4	0.0269058295964126
3.436544E-4	0.0188340807174888
3.44064E-4	0.020627802690583
3.444736E-4	0.0260089686098655
3.448832E-4	0.0269058295964126
3.452928E-4	0.020627802690583
3.457024E-4	0.0170403587443946
3.46112E-4	0.0251121076233184
3.465216E-4	0.0224215246636771
3.469312E-4	0.0197309417040359
3.473408E-4	0.0143497757847534
3.477504E-4	0.0242152466367713
3.4816E-4	0.0242152466367713
3.485696E-4	0.0116591928251121
3.489792E-4	0.0161434977578475
3.493888E-4	0.0170403587443946
3.497984E-4	0.0197309417040359
3.50208E-4	0.0197309417040359
3.506176E-4	0.0188340807174888
3.510272E-4	0.0179372197309417
3.514368E-4	0.0170403587443946
3.518464E-4	0.0260089686098655
3.52256E-4	0.0188340807174888
3.526656E-4	0.0179372197309417
3.530752E-4	0.0224215246636771
3.534848E-4	0.0179372197309417
3.538944E-4	0.0197309417040359
3.54304E-4	0.0197309417040359
3.547136E-4	0.0125560538116592
3.551232E-4	0.0170403587443946
3.555328E-4	0.0269058295964126
3.559424E-4	0.0161434977578475
3.56352E-4	0.0197309417040359
3.567616E-4	0.0197309417040359
3.571712E-4	0.0188340807174888
3.575808E-4	0.0116591928251121
3.579904E-4	0.0188340807174888
3.584E-4	0.0161434977578475
3.588096E-4	0.0125560538116592
3.592192E-4	0.0197309417040359
3.596288E-4	0.0125560538116592
3.600384E-4	0.0152466367713004
3.60448E-4	0.0116591928251121
3.608576E-4	0.0125560538116592
3.612672E-4	0.02152466367713
3.616768E-4	0.010762331838565
3.620864E-4	0.0152466367713004
3.62496E-4	0.0197309417040359
3.629056E-4	0.0170403587443946
3.633152E-4	0.0161434977578475
3.637248E-4	0.0179372197309417
3.641344E-4	0.02152466367713
3.64544E-4	0.0125560538116592
3.649536E-4	0.0188340807174888
3.653632E-4	0.0188340807174888
3.657728E-4	0.0125560538116592
3.661824E-4	0.0134529147982063
3.66592E-4	0.0152466367713004
3.670016E-4	0.0278026905829596
3.674112E-4	0.0224215246636771
3.678208E-4	0.0116591928251121
3.682304E-4	0.0170403587443946
3.6864E-4	0.020627802690583
3.690496E-4	0.0134529147982063
3.694592E-4	0.010762331838565
3.698688E-4	0.0152466367713004
3.702784E-4	0.0224215246636771
3.70688E-4	0.010762331838565
3.710976E-4	0.0179372197309417
3.715072E-4	0.0161434977578475
3.719168E-4	0.020627802690583
3.723264E-4	0.0152466367713004
3.72736E-4	0.0152466367713004
3.731456E-4	0.020627802690583
3.735552E-4	0.0125560538116592
3.739648E-4	0.0116591928251121
3.743744E-4	0.0179372197309417
3.74784E-4	0.0152466367713004
3.751936E-4	0.0161434977578475
3.756032E-4	0.0161434977578475
3.760128E-4	0.0161434977578475
3.764224E-4	0.010762331838565
3.76832E-4	0.0116591928251121
3.772416E-4	0.0152466367713004
3.776512E-4	0.0116591928251121
3.780608E-4	0.0170403587443946
3.784704E-4	0.0143497757847534
3.7888E-4	0.0125560538116592
3.792896E-4	0.0179372197309417
3.796992E-4	0.0116591928251121
3.801088E-4	0.0188340807174888
3.805184E-4	0.0134529147982063
3.80928E-4	0.00986547085201794
3.813376E-4	0.0125560538116592
3.817472E-4	0.0188340807174888
3.821568E-4	0.0116591928251121
3.825664E-4	0.0134529147982063
3.82976E-4	0.0143497757847534
3.833856E-4	0.0179372197309417
3.837952E-4	0.0179372197309417
3.842048E-4	0.010762331838565
3.846144E-4	0.0179372197309417
3.85024E-4	0.0062780269058296
3.854336E-4	0.0134529147982063
3.858432E-4	0.0179372197309417
3.862528E-4	0.0143497757847534
3.866624E-4	0.0116591928251121
3.87072E-4	0.00807174887892377
3.874816E-4	0.0152466367713004
3.878912E-4	0.0152466367713004
3.883008E-4	0.010762331838565
3.887104E-4	0.00986547085201794
3.8912E-4	0.0116591928251121
3.895296E-4	0.0161434977578475
3.899392E-4	0.0179372197309417
3.903488E-4	0.00807174887892377
3.907584E-4	0.00358744394618834
3.91168E-4	0.010762331838565
3.915776E-4	0.0116591928251121
3.919872E-4	0.0134529147982063
3.923968E-4	0.00717488789237668
3.928064E-4	0.0134529147982063
3.93216E-4	0.010762331838565
3.936256E-4	0.0143497757847534
3.940352E-4	0.0125560538116592
3.944448E-4	0.0125560538116592
3.948544E-4	0.00986547085201794
3.95264E-4	0.0134529147982063
3.956736E-4	0.00896860986547085
3.960832E-4	0.010762331838565
3.964928E-4	0.02152466367713
3.969024E-4	0.0116591928251121
3.97312E-4	0.0125560538116592
3.977216E-4	0.0116591928251121
3.981312E-4	0.0116591928251121
3.985408E-4	0.010762331838565
3.989504E-4	0.0062780269058296
3.9936E-4	0.0125560538116592
3.997696E-4	0.0116591928251121
4.001792E-4	0.00896860986547085
4.005888E-4	0.0152466367713004
4.009984E-4	0.0170403587443946
4.01408E-4	0.0116591928251121
4.018176E-4	0.010762331838565
4.022272E-4	0.0170403587443946
4.026368E-4	0.0125560538116592
4.030464E-4	0.00896860986547085
4.03456E-4	0.00896860986547085
4.038656E-4	0.00896860986547085
4.042752E-4	0.0116591928251121
4.046848E-4	0.00896860986547085
4.050944E-4	0.00896860986547085
4.05504E-4	0.0116591928251121
4.059136E-4	0.0134529147982063
4.063232E-4	0.0062780269058296
4.067328E-4	0.0125560538116592
4.071424E-4	0.00986547085201794
4.07552E-4	0.0134529147982063
4.079616E-4	0.00717488789237668
4.083712E-4	0.0179372197309417
4.087808E-4	0.0116591928251121
4.091904E-4	0.0125560538116592
4.096E-4	0.00896860986547085
4.100096E-4	0.00896860986547085
4.104192E-4	0.00986547085201794
4.108288E-4	0.00896860986547085
4.112384E-4	0.00358744394618834
4.11648E-4	0.0125560538116592
4.120576E-4	0.00986547085201794
4.124672E-4	0.00538116591928251
4.128768E-4	0.0116591928251121
4.132864E-4	0.0125560538116592
4.13696E-4	0.00538116591928251
4.141056E-4	0.010762331838565
4.145152E-4	0.010762331838565
4.149248E-4	0.0161434977578475
4.153344E-4	0.0116591928251121
4.15744E-4	0.010762331838565
4.161536E-4	0.0125560538116592
4.165632E-4	0.0116591928251121
4.169728E-4	0.0161434977578475
4.173824E-4	0.00717488789237668
4.17792E-4	0.0152466367713004
4.182016E-4	0.0134529147982063
4.186112E-4	0.0125560538116592
4.190208E-4	0.0116591928251121
4.194304E-4	0.00986547085201794
4.1984E-4	0.0125560538116592
4.202496E-4	0.00807174887892377
4.206592E-4	0.00896860986547085
4.210688E-4	0.00986547085201794
4.214784E-4	0.010762331838565
4.21888E-4	0.0062780269058296
4.222976E-4	0.010762331838565
4.227072E-4	0.0152466367713004
4.231168E-4	0.0134529147982063
4.235264E-4	0.010762331838565
4.23936E-4	0.0116591928251121
4.243456E-4	0.00986547085201794
4.247552E-4	0.00986547085201794
4.251648E-4	0.00807174887892377
4.255744E-4	0.00717488789237668
4.25984E-4	0.0143497757847534
4.263936E-4	0.0125560538116592
4.268032E-4	0.00358744394618834
4.272128E-4	0.00896860986547085
4.276224E-4	0.00986547085201794
4.28032E-4	0.00717488789237668
4.284416E-4	0.010762331838565
4.288512E-4	0.0116591928251121
4.292608E-4	0.0116591928251121
4.296704E-4	0.0125560538116592
4.3008E-4	0.010762331838565
4.304896E-4	0.0125560538116592
4.308992E-4	0.00986547085201794
4.313088E-4	0.00986547085201794
4.317184E-4	0.00896860986547085
4.32128E-4	0.0116591928251121
4.325376E-4	0.0161434977578475
4.329472E-4	0.00986547085201794
4.333568E-4	0.0062780269058296
4.337664E-4	0.00807174887892377
4.34176E-4	0.00896860986547085
4.345856E-4	0.00986547085201794
4.349952E-4	0.0062780269058296
4.354048E-4	0.00807174887892377
4.358144E-4	0.00448430493273543
4.36224E-4	0.010762331838565
4.366336E-4	0.00717488789237668
4.370432E-4	0.00896860986547085
4.374528E-4	0.0143497757847534
4.378624E-4	0.00896860986547085
4.38272E-4	0.00896860986547085
4.386816E-4	0.00986547085201794
4.390912E-4	0.00986547085201794
4.395008E-4	0.0116591928251121
4.399104E-4	0.00717488789237668
4.4032E-4	0.00538116591928251
4.407296E-4	0.00896860986547085
4.411392E-4	0.00896860986547085
4.415488E-4	0.00717488789237668
4.419584E-4	0.00358744394618834
4.42368E-4	0.00896860986547085
4.427776E-4	0.00717488789237668
4.431872E-4	0.010762331838565
4.435968E-4	0.00717488789237668
4.440064E-4	0.00448430493273543
4.44416E-4	0.00538116591928251
4.448256E-4	0.00538116591928251
4.452352E-4	0.0125560538116592
4.456448E-4	0.00986547085201794
4.460544E-4	0.0062780269058296
4.46464E-4	0.00896860986547085
4.468736E-4	0.00807174887892377
4.472832E-4	0.00538116591928251
4.476928E-4	0.00896860986547085
4.481024E-4	0.0062780269058296
4.48512E-4	0.00538116591928251
4.489216E-4	0.00717488789237668
4.493312E-4	0.00717488789237668
4.497408E-4	0.0116591928251121
4.501504E-4	0.00538116591928251
4.5056E-4	0.00717488789237668
4.509696E-4	0.00717488789237668
4.513792E-4	0.010762331838565
4.517888E-4	0.00538116591928251
4.521984E-4	0.0062780269058296
4.52608E-4	0.00358744394618834
4.530176E-4	0.00538116591928251
4.534272E-4	0.0134529147982063
4.538368E-4	0.0062780269058296
4.542464E-4	0.00896860986547085
4.54656E-4	0.00896860986547085
4.550656E-4	0.00896860986547085
4.554752E-4	0.00807174887892377
4.558848E-4	0.00358744394618834
4.562944E-4	0.00986547085201794
4.56704E-4	0.010762331838565
4.571136E-4	0.00896860986547085
4.575232E-4	0.0062780269058296
4.579328E-4	0.00358744394618834
4.583424E-4	0.010762331838565
4.58752E-4	0.0116591928251121
4.591616E-4	0.00717488789237668
4.595712E-4	0.00358744394618834
4.599808E-4	0.00986547085201794
4.603904E-4	0.00358744394618834
4.608E-4	0.00358744394618834
4.612096E-4	0.0062780269058296
4.616192E-4	0.00358744394618834
4.620288E-4	0.0062780269058296
4.624384E-4	0.00448430493273543
4.62848E-4	0.00358744394618834
4.632576E-4	0.00896860986547085
4.636672E-4	0.00896860986547085
4.640768E-4	0.00358744394618834
4.644864E-4	0.0062780269058296
4.64896E-4	0.00269058295964126
4.653056E-4	0.00269058295964126
4.657152E-4	0.00717488789237668
4.661248E-4	0.0062780269058296
4.665344E-4	0.00807174887892377
4.66944E-4	0.00717488789237668
4.673536E-4	0.00358744394618834
4.677632E-4	0.010762331838565
4.681728E-4	0.00717488789237668
4.685824E-4	0.00538116591928251
4.68992E-4	0.00807174887892377
4.694016E-4	0.00717488789237668
4.698112E-4	0.00448430493273543
4.702208E-4	0.010762331838565
4.706304E-4	0.0062780269058296
4.7104E-4	0.00538116591928251
4.714496E-4	0.00448430493273543
4.718592E-4	0.00269058295964126
4.722688E-4	0.00538116591928251
4.726784E-4	0.0062780269058296
4.73088E-4	0.0062780269058296
4.734976E-4	0.00807174887892377
4.739072E-4	0.00538116591928251
4.743168E-4	0.00448430493273543
4.747264E-4	0.00717488789237668
4.75136E-4	0.0062780269058296
4.755456E-4	0.00717488789237668
4.759552E-4	0.00807174887892377
4.763648E-4	0.00269058295964126
4.767744E-4	0.00448430493273543
4.77184E-4	0.0062780269058296
4.775936E-4	0.010762331838565
4.780032E-4	0.0062780269058296
4.784128E-4	0.00717488789237668
4.788224E-4	0.00179372197309417
4.79232E-4	0.00717488789237668
4.796416E-4	0.00896860986547085
4.800512E-4	0.00179372197309417
4.804608E-4	0.010762331838565
4.808704E-4	0.00358744394618834
4.8128E-4	0.00448430493273543
4.816896E-4	0.00538116591928251
4.820992E-4	0.00448430493273543
4.825088E-4	0.00717488789237668
4.829184E-4	0.00448430493273543
4.83328E-4	0.00448430493273543
4.837376E-4	0.00807174887892377
4.841472E-4	0.0062780269058296
4.845568E-4	0.00807174887892377
4.849664E-4	0.00179372197309417
4.85376E-4	0.00807174887892377
4.857856E-4	0.00269058295964126
4.861952E-4	0.00448430493273543
4.866048E-4	0.00538116591928251
4.870144E-4	0.00538116591928251
4.87424E-4	0.00538116591928251
4.878336E-4	0.00538116591928251
4.882432E-4	0.00538116591928251
4.886528E-4	0.00179372197309417
4.890624E-4	0.00538116591928251
4.89472E-4	0.00179372197309417
4.898816E-4	0.0062780269058296
4.902912E-4	0.00896860986547085
4.907008E-4	0.00448430493273543
4.911104E-4	0.00538116591928251
4.9152E-4	0.00269058295964126
4.919296E-4	0.00358744394618834
4.923392E-4	0.00179372197309417
4.927488E-4	0.00358744394618834
4.931584E-4	0.00538116591928251
4.93568E-4	0.00179372197309417
4.939776E-4	0.00448430493273543
4.943872E-4	0.00538116591928251
4.947968E-4	0.00448430493273543
4.952064E-4	0.0062780269058296
4.95616E-4	0.00269058295964126
4.960256E-4	0.00538116591928251
4.964352E-4	0.00358744394618834
4.968448E-4	0.00717488789237668
4.972544E-4	0.00269058295964126
4.97664E-4	0.00807174887892377
4.980736E-4	0.00358744394618834
4.984832E-4	0.00807174887892377
4.988928E-4	0.00269058295964126
4.993024E-4	0.00807174887892377
4.99712E-4	0.00358744394618834
5.001216E-4	0.00269058295964126
5.005312E-4	0.00448430493273543
5.009408E-4	0.00179372197309417
5.013504E-4	0.0062780269058296
5.0176E-4	0.00448430493273543
5.021696E-4	0.00269058295964126
5.025792E-4	0.00807174887892377
5.029888E-4	0.00448430493273543
5.033984E-4	0.0062780269058296
5.03808E-4	0.00538116591928251
5.042176E-4	0.00358744394618834
5.046272E-4	0.00896860986547085
5.050368E-4	0.00538116591928251
5.054464E-4	0.00448430493273543
5.05856E-4	0.00807174887892377
5.062656E-4	0.00538116591928251
5.066752E-4	0.00538116591928251
5.070848E-4	0.00269058295964126
5.074944E-4	0.00448430493273543
5.07904E-4	0
5.083136E-4	0.0062780269058296
5.087232E-4	0.00448430493273543
5.091328E-4	0.00717488789237668
5.095424E-4	0.00807174887892377
5.09952E-4	0.00448430493273543
5.103616E-4	0.00269058295964126
5.107712E-4	0.00807174887892377
5.111808E-4	0.00448430493273543
5.115904E-4	0.00358744394618834
5.12E-4	0.0062780269058296
5.124096E-4	0.00269058295964126
5.128192E-4	0.00717488789237668
5.132288E-4	0.00717488789237668
5.136384E-4	0.00538116591928251
5.14048E-4	0.00717488789237668
5.144576E-4	0.00717488789237668
5.148672E-4	0.00269058295964126
5.152768E-4	0.00448430493273543
5.156864E-4	0.0062780269058296
5.16096E-4	0.00717488789237668
5.165056E-4	8.96860986547085E-4
5.169152E-4	0.00448430493273543
5.173248E-4	0.00896860986547085
5.177344E-4	0.0062780269058296
5.18144E-4	0.00358744394618834
5.185536E-4	0.0062780269058296
5.189632E-4	0.00269058295964126
5.193728E-4	0.00448430493273543
5.197824E-4	0.00448430493273543
5.20192E-4	0.00358744394618834
5.206016E-4	0.00269058295964126
5.210112E-4	0.00269058295964126
5.214208E-4	0.00448430493273543
5.218304E-4	0.0062780269058296
5.2224E-4	0.0062780269058296
5.226496E-4	0.00179372197309417
5.230592E-4	0.00269058295964126
5.234688E-4	0.0062780269058296
5.238784E-4	0.00358744394618834
5.24288E-4	0.00448430493273543
5.246976E-4	0.00269058295964126
5.251072E-4	0.00358744394618834
5.255168E-4	0.00269058295964126
5.259264E-4	0
5.26336E-4	0.0062780269058296
5.267456E-4	0.00538116591928251
5.271552E-4	0.00269058295964126
5.275648E-4	0.00448430493273543
5.279744E-4	0.00538116591928251
5.28384E-4	0.00269058295964126
5.287936E-4	0.00269058295964126
5.292032E-4	0.00538116591928251
5.296128E-4	0.00358744394618834
5.300224E-4	0.00269058295964126
5.30432E-4	0.00269058295964126
5.308416E-4	0.00448430493273543
5.312512E-4	0.00269058295964126
5.316608E-4	0.00538116591928251
5.320704E-4	0.00448430493273543
5.3248E-4	0.0062780269058296
5.328896E-4	0.0062780269058296
5.332992E-4	0.00358744394618834
5.337088E-4	0.00179372197309417
5.341184E-4	0.00538116591928251
5.34528E-4	0.00717488789237668
5.349376E-4	0.00179372197309417
5.353472E-4	0.0062780269058296
5.357568E-4	0.0062780269058296
5.361664E-4	0.00538116591928251
5.36576E-4	8.96860986547085E-4
5.369856E-4	0.00179372197309417
5.373952E-4	0.00358744394618834
5.378048E-4	0.00358744394618834
5.382144E-4	0.00179372197309417
5.38624E-4	0.00448430493273543
5.390336E-4	0.00717488789237668
5.394432E-4	0.00538116591928251
5.398528E-4	0.00448430493273543
5.402624E-4	0.00448430493273543
5.40672E-4	0.00358744394618834
5.410816E-4	0.0062780269058296
5.414912E-4	0.00269058295964126
5.419008E-4	0.00448430493273543
5.423104E-4	0.00269058295964126
5.4272E-4	0.00448430493273543
5.431296E-4	0.00179372197309417
5.435392E-4	0.00538116591928251
5.439488E-4	0.00269058295964126
5.443584E-4	8.96860986547085E-4
5.44768E-4	0.00358744394618834
5.451776E-4	0.00448430493273543
5.455872E-4	0.00358744394618834
5.459968E-4	8.96860986547085E-4
5.464064E-4	0.00358744394618834
5.46816E-4	0.00448430493273543
5.472256E-4	0.00717488789237668
5.476352E-4	0.00358744394618834
5.480448E-4	0.0062780269058296
5.484544E-4	0.00448430493273543
5.48864E-4	0.00358744394618834
5.492736E-4	0.00179372197309417
5.496832E-4	0
5.500928E-4	0.00538116591928251
5.505024E-4	0.00448430493273543
5.50912E-4	0.00358744394618834
5.513216E-4	0.00269058295964126
5.517312E-4	0.00717488789237668
5.521408E-4	0.00358744394618834
5.525504E-4	0.00179372197309417
5.5296E-4	0.00358744394618834
5.533696E-4	0.00448430493273543
5.537792E-4	0.00179372197309417
5.541888E-4	0.00448430493273543
5.545984E-4	0.00538116591928251
5.55008E-4	0.00358744394618834
5.554176E-4	0.00179372197309417
5.558272E-4	8.96860986547085E-4
5.562368E-4	0.00179372197309417
5.566464E-4	0.00269058295964126
5.57056E-4	0.0062780269058296
5.574656E-4	0.00448430493273543
5.578752E-4	0.00269058295964126
5.582848E-4	0.00538116591928251
5.586944E-4	0.00448430493273543
5.59104E-4	0.00448430493273543
5.595136E-4	0.00448430493273543
5.599232E-4	0.0062780269058296
5.603328E-4	0.00358744394618834
5.607424E-4	0
5.61152E-4	0.00448430493273543
5.615616E-4	0.00269058295964126
5.619712E-4	0.00538116591928251
5.623808E-4	0.00448430493273543
5.627904E-4	0.00448430493273543
5.632E-4	0.00269058295964126
5.636096E-4	8.96860986547085E-4
5.640192E-4	8.96860986547085E-4
5.644288E-4	0.00717488789237668
5.648384E-4	0.00448430493273543
5.65248E-4	0.00448430493273543
5.656576E-4	0.00538116591928251
5.660672E-4	0.00179372197309417
5.664768E-4	0.00179372197309417
5.668864E-4	0.00269058295964126
5.67296E-4	0.00179372197309417
5.677056E-4	0.00269058295964126
5.681152E-4	0.00538116591928251
5.685248E-4	8.96860986547085E-4
5.689344E-4	0.00269058295964126
5.69344E-4	0.00358744394618834
5.697536E-4	0.00448430493273543
5.701632E-4	8.96860986547085E-4
5.705728E-4	0.00717488789237668
5.709824E-4	0.00269058295964126
5.71392E-4	0.00269058295964126
5.718016E-4	0.00448430493273543
5.722112E-4	0.00269058295964126
5.726208E-4	0.00538116591928251
5.730304E-4	0.00448430493273543
5.7344E-4	0.00179372197309417
5.738496E-4	0.00269058295964126
5.742592E-4	0.00358744394618834
5.746688E-4	0.0062780269058296
5.750784E-4	0.00269058295964126
5.75488E-4	0.00358744394618834
5.758976E-4	0.00269058295964126
5.763072E-4	0.00269058295964126
5.767168E-4	8.96860986547085E-4
5.771264E-4	0.00179372197309417
5.77536E-4	0.00269058295964126
5.779456E-4	0.00538116591928251
5.783552E-4	0.00179372197309417
5.787648E-4	0.00179372197309417
5.791744E-4	0.0062780269058296
5.79584E-4	0.00358744394618834
5.799936E-4	0.00358744394618834
5.804032E-4	0
5.808128E-4	0.00358744394618834
5.812224E-4	0.00269058295964126
5.81632E-4	0.00179372197309417
5.820416E-4	0.00179372197309417
5.824512E-4	0.00538116591928251
5.828608E-4	0.00358744394618834
5.832704E-4	0
5.8368E-4	0.00358744394618834
5.840896E-4	0.00179372197309417
5.844992E-4	0.00269058295964126
5.849088E-4	0
5.853184E-4	0.00269058295964126
5.85728E-4	0.00179372197309417
5.861376E-4	0.00538116591928251
5.865472E-4	0.00448430493273543
5.869568E-4	0.00358744394618834
5.873664E-4	0.00179372197309417
5.87776E-4	0
5.881856E-4	0.00269058295964126
5.885952E-4	0.00179372197309417
5.890048E-4	0.00448430493273543
5.894144E-4	0.00269058295964126
5.89824E-4	0.00179372197309417
5.902336E-4	0.00358744394618834
5.906432E-4	0.00179372197309417
5.910528E-4	0.00269058295964126
5.914624E-4	0
5.91872E-4	0.00269058295964126
5.922816E-4	0.00269058295964126
5.926912E-4	8.96860986547085E-4
5.931008E-4	0.00448430493273543
5.935104E-4	8.96860986547085E-4
5.9392E-4	0.00269058295964126
5.943296E-4	0.00448430493273543
5.947392E-4	0.0062780269058296
5.951488E-4	0.00448430493273543
5.955584E-4	0.00269058295964126
5.95968E-4	0.00179372197309417
5.963776E-4	0.00179372197309417
5.967872E-4	8.96860986547085E-4
5.971968E-4	0.00269058295964126
5.976064E-4	0.00269058295964126
5.98016E-4	0.00179372197309417
5.984256E-4	0.00269058295964126
5.988352E-4	0.00269058295964126
5.992448E-4	8.96860986547085E-4
5.996544E-4	0.00269058295964126
6.00064E-4	0.00358744394618834
6.004736E-4	0.00269058295964126
6.008832E-4	0.00269058295964126
6.012928E-4	0.00269058295964126
6.017024E-4	0.00179372197309417
6.02112E-4	0.00269058295964126
6.025216E-4	0.00269058295964126
6.029312E-4	0.00179372197309417
6.033408E-4	0.00179372197309417
6.037504E-4	0.00179372197309417
6.0416E-4	0.00269058295964126
6.045696E-4	0.0062780269058296
6.049792E-4	0.00538116591928251
6.053888E-4	0.00448430493273543
6.057984E-4	0.00269058295964126
6.06208E-4	0.00358744394618834
6.066176E-4	0.00358744394618834
6.070272E-4	8.96860986547085E-4
6.074368E-4	0.00179372197309417
6.078464E-4	0
6.08256E-4	0.00269058295964126
6.086656E-4	0.00358744394618834
6.090752E-4	0.00269058295964126
6.094848E-4	0
6.098944E-4	0.00269058295964126
6.10304E-4	0.00269058295964126
6.107136E-4	0.00179372197309417
6.111232E-4	0.00358744394618834
6.115328E-4	0
6.119424E-4	0.00269058295964126
6.12352E-4	0.00179372197309417
6.127616E-4	0.00179372197309417
6.131712E-4	0
6.135808E-4	0.00179372197309417
6.139904E-4	0.00448430493273543
6.144E-4	0.00269058295964126
6.148096E-4	0
6.152192E-4	8.96860986547085E-4
6.156288E-4	0.00179372197309417
6.160384E-4	0.00448430493273543
6.16448E-4	0.0062780269058296
6.168576E-4	0.00179372197309417
6.172672E-4	0.00179372197309417
6.176768E-4	0.00179372197309417
6.180864E-4	0.00179372197309417
6.18496E-4	0.00269058295964126
6.189056E-4	0
6.193152E-4	0.00179372197309417
6.197248E-4	0.00269058295964126
6.201344E-4	0.00269058295964126
6.20544E-4	0.00538116591928251
6.209536E-4	0.00269058295964126
6.213632E-4	0.00358744394618834
6.217728E-4	0.00179372197309417
6.221824E-4	0.00269058295964126
6.22592E-4	8.96860986547085E-4
6.230016E-4	0.00269058295964126
6.234112E-4	0.00269058295964126
6.238208E-4	0.00269058295964126
6.242304E-4	0.00269058295964126
6.2464E-4	0.00179372197309417
6.250496E-4	0.00269058295964126
6.254592E-4	8.96860986547085E-4
6.258688E-4	0.00179372197309417
6.262784E-4	0
6.26688E-4	0.00448430493273543
6.270976E-4	0
6.275072E-4	8.96860986547085E-4
6.279168E-4	0.00448430493273543
6.283264E-4	0.00358744394618834
6.28736E-4	0.00538116591928251
6.291456E-4	0.00269058295964126
6.295552E-4	0.00269058295964126
6.299648E-4	8.96860986547085E-4
6.303744E-4	0.00179372197309417
6.30784E-4	8.96860986547085E-4
6.311936E-4	0.00269058295964126
6.316032E-4	0.00269058295964126
6.320128E-4	8.96860986547085E-4
6.324224E-4	8.96860986547085E-4
6.32832E-4	0.00538116591928251
6.332416E-4	0.00179372197309417
6.336512E-4	0.00269058295964126
6.340608E-4	8.96860986547085E-4
6.344704E-4	8.96860986547085E-4
6.3488E-4	0
6.352896E-4	8.96860986547085E-4
6.356992E-4	0.00179372197309417
6.361088E-4	0.00269058295964126
6.365184E-4	8.96860986547085E-4
6.36928E-4	0.00358744394618834
6.373376E-4	0.00179372197309417
6.377472E-4	8.96860986547085E-4
6.381568E-4	8.96860986547085E-4
6.385664E-4	0
6.38976E-4	0
6.393856E-4	8.96860986547085E-4
6.397952E-4	0.00179372197309417
6.402048E-4	8.96860986547085E-4
6.406144E-4	0.00448430493273543
6.41024E-4	8.96860986547085E-4
6.414336E-4	0
6.418432E-4	0.00269058295964126
6.422528E-4	0.00179372197309417
6.426624E-4	8.96860986547085E-4
6.43072E-4	8.96860986547085E-4
6.434816E-4	0.00269058295964126
6.438912E-4	0.00269058295964126
6.443008E-4	0.00179372197309417
6.447104E-4	0.00358744394618834
6.4512E-4	8.96860986547085E-4
6.455296E-4	0.00269058295964126
6.459392E-4	8.96860986547085E-4
6.463488E-4	8.96860986547085E-4
6.467584E-4	0.00269058295964126
6.47168E-4	0.00179372197309417
6.475776E-4	0
6.479872E-4	8.96860986547085E-4
6.483968E-4	0.00269058295964126
6.488064E-4	0.00269058295964126
6.49216E-4	0.00179372197309417
6.496256E-4	0.00179372197309417
6.500352E-4	0.0062780269058296
6.504448E-4	8.96860986547085E-4
6.508544E-4	8.96860986547085E-4
6.51264E-4	0.00269058295964126
6.516736E-4	0.00358744394618834
6.520832E-4	0.00358744394618834
6.524928E-4	0.00179372197309417
6.529024E-4	0.00269058295964126
6.53312E-4	0
6.537216E-4	0.00179372197309417
6.541312E-4	8.96860986547085E-4
6.545408E-4	8.96860986547085E-4
6.549504E-4	0.00179372197309417
6.5536E-4	0.00179372197309417
6.557696E-4	8.96860986547085E-4
6.561792E-4	8.96860986547085E-4
6.565888E-4	8.96860986547085E-4
6.569984E-4	0.00448430493273543
6.57408E-4	0.00179372197309417
6.578176E-4	0.00179372197309417
6.582272E-4	0.00179372197309417
6.586368E-4	0.00179372197309417
6.590464E-4	0.00269058295964126
6.59456E-4	0.00269058295964126
6.598656E-4	0.00269058295964126
6.602752E-4	0.00269058295964126
6.606848E-4	0.00179372197309417
6.610944E-4	0
6.61504E-4	0.00269058295964126
6.619136E-4	0.00358744394618834
6.623232E-4	0.00269058295964126
6.627328E-4	0.00269058295964126
6.631424E-4	8.96860986547085E-4
6.63552E-4	0.00269058295964126
6.639616E-4	0
6.643712E-4	0.00179372197309417
6.647808E-4	0.00269058295964126
6.651904E-4	8.96860986547085E-4
6.656E-4	0.00179372197309417
6.660096E-4	0.00358744394618834
6.664192E-4	8.96860986547085E-4
6.668288E-4	8.96860986547085E-4
6.672384E-4	0.00179372197309417
6.67648E-4	0.00179372197309417
6.680576E-4	0
6.684672E-4	8.96860986547085E-4
6.688768E-4	8.96860986547085E-4
6.692864E-4	0.00179372197309417
6.69696E-4	8.96860986547085E-4
6.701056E-4	0.00179372197309417
6.705152E-4	0
6.709248E-4	0.00179372197309417
6.713344E-4	8.96860986547085E-4
6.71744E-4	8.96860986547085E-4
6.721536E-4	8.96860986547085E-4
6.725632E-4	0.00269058295964126
6.729728E-4	0.00179372197309417
6.733824E-4	8.96860986547085E-4
6.73792E-4	8.96860986547085E-4
6.742016E-4	0.00358744394618834
6.746112E-4	0.00179372197309417
6.750208E-4	0.00179372197309417
6.754304E-4	0.00448430493273543
6.7584E-4	8.96860986547085E-4
6.762496E-4	0.00179372197309417
6.766592E-4	0
6.770688E-4	8.96860986547085E-4
6.774784E-4	0.00269058295964126
6.77888E-4	0.00179372197309417
6.782976E-4	0.00179372197309417
6.787072E-4	0
6.791168E-4	0.00269058295964126
6.795264E-4	0.00358744394618834
6.79936E-4	8.96860986547085E-4
6.803456E-4	0.00179372197309417
6.807552E-4	0.00269058295964126
6.811648E-4	0.00179372197309417
6.815744E-4	0.00269058295964126
6.81984E-4	0.00269058295964126
6.823936E-4	8.96860986547085E-4
6.828032E-4	0.00179372197309417
6.832128E-4	0.00179372197309417
6.836224E-4	8.96860986547085E-4
6.84032E-4	0.00179372197309417
6.844416E-4	0.00448430493273543
6.848512E-4	0.00179372197309417
6.852608E-4	0
6.856704E-4	0.00448430493273543
6.8608E-4	8.96860986547085E-4
6.864896E-4	8.96860986547085E-4
6.868992E-4	0
6.873088E-4	0.00269058295964126
6.877184E-4	8.96860986547085E-4
6.88128E-4	0.00179372197309417
6.885376E-4	0.00179372197309417
6.889472E-4	8.96860986547085E-4
6.893568E-4	0.00269058295964126
6.897664E-4	0
6.90176E-4	0.00269058295964126
6.905856E-4	0
6.909952E-4	8.96860986547085E-4
6.914048E-4	0.00179372197309417
6.918144E-4	8.96860986547085E-4
6.92224E-4	0
6.926336E-4	0
6.930432E-4	0.00179372197309417
6.934528E-4	0.00179372197309417
6.938624E-4	0
6.94272E-4	8.96860986547085E-4
6.946816E-4	0.00179372197309417
6.950912E-4	0.00179372197309417
6.955008E-4	8.96860986547085E-4
6.959104E-4	0.00179372197309417
6.9632E-4	8.96860986547085E-4
6.967296E-4	0
6.971392E-4	0.00179372197309417
6.975488E-4	8.96860986547085E-4
6.979584E-4	0.00179372197309417
6.98368E-4	0.00269058295964126
6.987776E-4	0.00269058295964126
6.991872E-4	0.00538116591928251
6.995968E-4	0.00269058295964126
7.000064E-4	8.96860986547085E-4
7.00416E-4	0
7.008256E-4	0
7.012352E-4	0
7.016448E-4	0.00179372197309417
7.020544E-4	0
7.02464E-4	0.00179372197309417
7.028736E-4	0.00179372197309417
7.032832E-4	0.00179372197309417
7.036928E-4	0.00179372197309417
7.041024E-4	8.96860986547085E-4
7.04512E-4	0.00179372197309417
7.049216E-4	0.00179372197309417
7.053312E-4	0.00269058295964126
7.057408E-4	8.96860986547085E-4
7.061504E-4	8.96860986547085E-4
7.0656E-4	0.00179372197309417
7.069696E-4	0.00179372197309417
7.073792E-4	8.96860986547085E-4
7.077888E-4	0
7.081984E-4	0
7.08608E-4	0.00269058295964126
7.090176E-4	0.00179372197309417
7.094272E-4	8.96860986547085E-4
7.098368E-4	0
7.102464E-4	0
7.10656E-4	8.96860986547085E-4
7.110656E-4	0.00269058295964126
7.114752E-4	8.96860986547085E-4
7.118848E-4	0
7.122944E-4	0
7.12704E-4	8.96860986547085E-4
7.131136E-4	0
7.135232E-4	8.96860986547085E-4
7.139328E-4	0.00269058295964126
7.143424E-4	0.00179372197309417
7.14752E-4	0.00179372197309417
7.151616E-4	8.96860986547085E-4
7.155712E-4	0
7.159808E-4	8.96860986547085E-4
7.163904E-4	0.00358744394618834
7.168E-4	0.00179372197309417
7.172096E-4	0.00179372197309417
7.176192E-4	8.96860986547085E-4
7.180288E-4	0.00179372197309417
7.184384E-4	0.00269058295964126
7.18848E-4	0.00179372197309417
7.192576E-4	8.96860986547085E-4
7.196672E-4	0
7.200768E-4	0
7.204864E-4	0.00269058295964126
7.20896E-4	0.00179372197309417
7.213056E-4	0.00179372197309417
7.217152E-4	0.00179372197309417
7.221248E-4	0
7.225344E-4	0.00179372197309417
7.22944E-4	0.00179372197309417
7.233536E-4	0.00179372197309417
7.237632E-4	0.00358744394618834
7.241728E-4	8.96860986547085E-4
7.245824E-4	0
7.24992E-4	8.96860986547085E-4
7.254016E-4	0.00179372197309417
7.258112E-4	0.00179372197309417
7.262208E-4	0.00269058295964126
7.266304E-4	0
7.2704E-4	0
7.274496E-4	0.00179372197309417
7.278592E-4	0
7.282688E-4	0.00179372197309417
7.286784E-4	0
7.29088E-4	8.96860986547085E-4
7.294976E-4	0
7.299072E-4	0
7.303168E-4	8.96860986547085E-4
7.307264E-4	0.00179372197309417
7.31136E-4	0.00269058295964126
7.315456E-4	8.96860986547085E-4
7.319552E-4	0
7.323648E-4	8.96860986547085E-4
7.327744E-4	8.96860986547085E-4
7.33184E-4	8.96860986547085E-4
7.335936E-4	8.96860986547085E-4
7.340032E-4	0.00179372197309417
7.344128E-4	0.00179372197309417
7.348224E-4	0.00179372197309417
7.35232E-4	0.00269058295964126
7.356416E-4	0
7.360512E-4	8.96860986547085E-4
7.364608E-4	0.00179372197309417
7.368704E-4	0.00358744394618834
7.3728E-4	8.96860986547085E-4
7.376896E-4	8.96860986547085E-4
7.380992E-4	0.00358744394618834
7.385088E-4	0
7.389184E-4	8.96860986547085E-4
7.39328E-4	0
7.397376E-4	8.96860986547085E-4
7.401472E-4	0
7.405568E-4	0
7.409664E-4	0.00179372197309417
7.41376E-4	0
7.417856E-4	0
7.421952E-4	0
7.426048E-4	0.00269058295964126
7.430144E-4	0
7.43424E-4	0
7.438336E-4	0
7.442432E-4	8.96860986547085E-4
7.446528E-4	0
7.450624E-4	0
7.45472E-4	0.00269058295964126
7.458816E-4	0
7.462912E-4	0.00179372197309417
7.467008E-4	0.00179372197309417
7.471104E-4	0
7.4752E-4	8.96860986547085E-4
7.479296E-4	0
7.483392E-4	0
7.487488E-4	8.96860986547085E-4
7.491584E-4	8.96860986547085E-4
7.49568E-4	0
7.499776E-4	8.96860986547085E-4
7.503872E-4	0
7.507968E-4	0
7.512064E-4	0
7.51616E-4	0.00269058295964126
7.520256E-4	0
7.524352E-4	0.00358744394618834
7.528448E-4	0
7.532544E-4	8.96860986547085E-4
7.53664E-4	8.96860986547085E-4
7.540736E-4	0.00269058295964126
7.544832E-4	8.96860986547085E-4
7.548928E-4	8.96860986547085E-4
7.553024E-4	8.96860986547085E-4
7.55712E-4	0
7.561216E-4	0
7.565312E-4	0
7.569408E-4	0
7.573504E-4	8.96860986547085E-4
7.5776E-4	8.96860986547085E-4
7.581696E-4	0.00358744394618834
7.585792E-4	8.96860986547085E-4
7.589888E-4	8.96860986547085E-4
7.593984E-4	0.00179372197309417
7.59808E-4	0
7.602176E-4	0.00358744394618834
7.606272E-4	0.00269058295964126
7.610368E-4	0
7.614464E-4	0
7.61856E-4	0
7.622656E-4	8.96860986547085E-4
7.626752E-4	0
7.630848E-4	0
7.634944E-4	8.96860986547085E-4
7.63904E-4	0.00358744394618834
7.643136E-4	8.96860986547085E-4
7.647232E-4	0.00179372197309417
7.651328E-4	0
7.655424E-4	8.96860986547085E-4
7.65952E-4	0.00179372197309417
7.663616E-4	8.96860986547085E-4
7.667712E-4	0
7.671808E-4	8.96860986547085E-4
7.675904E-4	0.00179372197309417
7.68E-4	8.96860986547085E-4
7.684096E-4	8.96860986547085E-4
7.688192E-4	0.00269058295964126
7.692288E-4	0
7.696384E-4	0
7.70048E-4	0.00448430493273543
7.704576E-4	8.96860986547085E-4
7.708672E-4	8.96860986547085E-4
7.712768E-4	8.96860986547085E-4
7.716864E-4	8.96860986547085E-4
7.72096E-4	8.96860986547085E-4
7.725056E-4	0.00269058295964126
7.729152E-4	0.00179372197309417
7.733248E-4	0
7.737344E-4	0
7.74144E-4	0
7.745536E-4	8.96860986547085E-4
7.749632E-4	8.96860986547085E-4
7.753728E-4	8.96860986547085E-4
7.757824E-4	8.96860986547085E-4
7.76192E-4	0.00179372197309417
7.766016E-4	0
7.770112E-4	0.00269058295964126
7.774208E-4	0
7.778304E-4	8.96860986547085E-4
7.7824E-4	0
7.786496E-4	0.00179372197309417
7.790592E-4	8.96860986547085E-4
7.794688E-4	0.00179372197309417
7.798784E-4	0.00358744394618834
7.80288E-4	8.96860986547085E-4
7.806976E-4	0
7.811072E-4	0
7.815168E-4	8.96860986547085E-4
7.819264E-4	0.00179372197309417
7.82336E-4	8.96860986547085E-4
7.827456E-4	0.00179372197309417
7.831552E-4	0
7.835648E-4	8.96860986547085E-4
7.839744E-4	0
7.84384E-4	8.96860986547085E-4
7.847936E-4	0.00179372197309417
7.852032E-4	8.96860986547085E-4
7.856128E-4	0
7.860224E-4	0
7.86432E-4	0.00179372197309417
7.868416E-4	0
7.872512E-4	8.96860986547085E-4
7.876608E-4	8.96860986547085E-4
7.880704E-4	8.96860986547085E-4
7.8848E-4	8.96860986547085E-4
7.888896E-4	0
7.892992E-4	0.00179372197309417
7.897088E-4	8.96860986547085E-4
7.901184E-4	0
7.90528E-4	8.96860986547085E-4
7.909376E-4	8.96860986547085E-4
7.913472E-4	8.96860986547085E-4
7.917568E-4	0.00179372197309417
7.921664E-4	0.00179372197309417
7.92576E-4	0
7.929856E-4	8.96860986547085E-4
7.933952E-4	0
7.938048E-4	0
7.942144E-4	8.96860986547085E-4
7.94624E-4	8.96860986547085E-4
7.950336E-4	0
7.954432E-4	0
7.958528E-4	8.96860986547085E-4
7.962624E-4	8.96860986547085E-4
7.96672E-4	0
7.970816E-4	0
7.974912E-4	0
7.979008E-4	0.00179372197309417
7.983104E-4	0
7.9872E-4	8.96860986547085E-4
7.991296E-4	0.00179372197309417
7.995392E-4	0
7.999488E-4	8.96860986547085E-4
8.003584E-4	0.00179372197309417
8.00768E-4	0
8.011776E-4	8.96860986547085E-4
8.015872E-4	0.00358744394618834
8.019968E-4	8.96860986547085E-4
8.024064E-4	0
8.02816E-4	8.96860986547085E-4
8.032256E-4	8.96860986547085E-4
8.036352E-4	8.96860986547085E-4
8.040448E-4	0
8.044544E-4	0.00179372197309417
8.04864E-4	0
8.052736E-4	8.96860986547085E-4
8.056832E-4	0
8.060928E-4	0
8.065024E-4	8.96860986547085E-4
8.06912E-4	0
8.073216E-4	0
8.077312E-4	8.96860986547085E-4
8.081408E-4	0
8.085504E-4	8.96860986547085E-4
8.0896E-4	0.00179372197309417
8.093696E-4	0
8.097792E-4	0
8.101888E-4	0
8.105984E-4	0.00179372197309417
8.11008E-4	8.96860986547085E-4
8.114176E-4	0
8.118272E-4	0.00179372197309417
8.122368E-4	8.96860986547085E-4
8.126464E-4	0
8.13056E-4	0
8.134656E-4	0.00179372197309417
8.138752E-4	0
8.142848E-4	8.96860986547085E-4
8.146944E-4	0.00179372197309417
8.15104E-4	0.00179372197309417
8.155136E-4	0
8.159232E-4	0.00179372197309417
8.163328E-4	0
8.167424E-4	0
8.17152E-4	0
8.175616E-4	0.00179372197309417
8.179712E-4	0
8.183808E-4	0
8.187904E-4	0
8.192E-4	0
8.196096E-4	0
8.200192E-4	0
8.204288E-4	8.96860986547085E-4
8.208384E-4	8.96860986547085E-4
8.21248E-4	0
8.216576E-4	0
8.220672E-4	0
8.224768E-4	0
8.228864E-4	0.00179372197309417
8.23296E-4	8.96860986547085E-4
8.237056E-4	0.00179372197309417
8.241152E-4	0
8.245248E-4	8.96860986547085E-4
8.249344E-4	8.96860986547085E-4
8.25344E-4	8.96860986547085E-4
8.257536E-4	0
8.261632E-4	8.96860986547085E-4
8.265728E-4	0
8.269824E-4	8.96860986547085E-4
8.27392E-4	8.96860986547085E-4
8.278016E-4	0
8.282112E-4	0
8.286208E-4	8.96860986547085E-4
8.290304E-4	0
8.2944E-4	8.96860986547085E-4
8.298496E-4	0.00358744394618834
8.302592E-4	0.00179372197309417
8.306688E-4	0
8.310784E-4	0
8.31488E-4	0
8.318976E-4	0.00179372197309417
8.323072E-4	8.96860986547085E-4
8.327168E-4	0
8.331264E-4	0
8.33536E-4	8.96860986547085E-4
8.339456E-4	0
8.343552E-4	0
8.347648E-4	8.96860986547085E-4
8.351744E-4	0
8.35584E-4	8.96860986547085E-4
8.359936E-4	0
8.364032E-4	0
8.368128E-4	0
8.372224E-4	0
8.37632E-4	0.00179372197309417
8.380416E-4	0
8.384512E-4	0
8.388608E-4	8.96860986547085E-4
8.392704E-4	0
8.3968E-4	0.00179372197309417
8.400896E-4	0
8.404992E-4	0
8.409088E-4	8.96860986547085E-4
8.413184E-4	0
8.41728E-4	8.96860986547085E-4
8.421376E-4	8.96860986547085E-4
8.425472E-4	0
8.429568E-4	8.96860986547085E-4
8.433664E-4	0.00269058295964126
8.43776E-4	0
8.441856E-4	0
8.445952E-4	8.96860986547085E-4
8.450048E-4	0
8.454144E-4	0
8.45824E-4	0
8.462336E-4	0
8.466432E-4	0
8.470528E-4	8.96860986547085E-4
8.474624E-4	0
8.47872E-4	0
8.482816E-4	8.96860986547085E-4
8.486912E-4	0
8.491008E-4	0
8.495104E-4	0
8.4992E-4	8.96860986547085E-4
8.503296E-4	0
8.507392E-4	0
8.511488E-4	0
8.515584E-4	0
8.51968E-4	8.96860986547085E-4
8.523776E-4	8.96860986547085E-4
8.527872E-4	0
8.531968E-4	0
8.536064E-4	0
8.54016E-4	0
8.544256E-4	0
8.548352E-4	8.96860986547085E-4
8.552448E-4	0
8.556544E-4	0
8.56064E-4	0
8.564736E-4	0
8.568832E-4	8.96860986547085E-4
8.572928E-4	8.96860986547085E-4
8.577024E-4	0
8.58112E-4	8.96860986547085E-4
8.585216E-4	0
8.589312E-4	0
8.593408E-4	0
8.597504E-4	0
8.6016E-4	0
8.605696E-4	8.96860986547085E-4
8.609792E-4	0
8.613888E-4	0
8.617984E-4	0
8.62208E-4	0
8.626176E-4	8.96860986547085E-4
8.630272E-4	0
8.634368E-4	8.96860986547085E-4
8.638464E-4	8.96860986547085E-4
8.64256E-4	8.96860986547085E-4
8.646656E-4	8.96860986547085E-4
8.650752E-4	8.96860986547085E-4
8.654848E-4	0.00179372197309417
8.658944E-4	8.96860986547085E-4
8.66304E-4	0
8.667136E-4	8.96860986547085E-4
8.671232E-4	0
8.675328E-4	8.96860986547085E-4
8.679424E-4	8.96860986547085E-4
8.68352E-4	0
8.687616E-4	0
8.691712E-4	8.96860986547085E-4
8.695808E-4	0
8.699904E-4	0
8.704E-4	0
8.708096E-4	8.96860986547085E-4
8.712192E-4	8.96860986547085E-4
8.716288E-4	8.96860986547085E-4
8.720384E-4	0
8.72448E-4	8.96860986547085E-4
8.728576E-4	0
8.732672E-4	0
8.736768E-4	0
8.740864E-4	0
8.74496E-4	0
8.749056E-4	0
8.753152E-4	0
8.757248E-4	0
8.761344E-4	0
8.76544E-4	0
8.769536E-4	0
8.773632E-4	8.96860986547085E-4
8.777728E-4	0
8.781824E-4	0
8.78592E-4	8.96860986547085E-4
8.790016E-4	0
8.794112E-4	8.96860986547085E-4
8.798208E-4	0
8.802304E-4	0
8.8064E-4	0
8.810496E-4	0
8.814592E-4	0
8.818688E-4	8.96860986547085E-4
8.822784E-4	0
8.82688E-4	0
8.830976E-4	8.96860986547085E-4
8.835072E-4	0
8.839168E-4	0.00179372197309417
8.843264E-4	0
8.84736E-4	0
8.851456E-4	0
8.855552E-4	8.96860986547085E-4
8.859648E-4	0
8.863744E-4	0
8.86784E-4	8.96860986547085E-4
8.871936E-4	0
8.876032E-4	0
8.880128E-4	8.96860986547085E-4
8.884224E-4	0
8.88832E-4	0
8.892416E-4	8.96860986547085E-4
8.896512E-4	8.96860986547085E-4
8.900608E-4	8.96860986547085E-4
8.904704E-4	0
8.9088E-4	0
8.912896E-4	0.00269058295964126
8.916992E-4	0
8.921088E-4	0
8.925184E-4	0
8.92928E-4	0
8.933376E-4	0
8.937472E-4	8.96860986547085E-4
8.941568E-4	8.96860986547085E-4
8.945664E-4	8.96860986547085E-4
8.94976E-4	8.96860986547085E-4
8.953856E-4	0
8.957952E-4	8.96860986547085E-4
8.962048E-4	0.00179372197309417
8.966144E-4	0
8.97024E-4	0
8.974336E-4	0
8.978432E-4	0
8.982528E-4	0
8.986624E-4	0
8.99072E-4	0
8.994816E-4	0
8.998912E-4	0
9.003008E-4	0.00179372197309417
9.007104E-4	0
9.0112E-4	8.96860986547085E-4
9.015296E-4	0
9.019392E-4	0
9.023488E-4	8.96860986547085E-4
9.027584E-4	8.96860986547085E-4
9.03168E-4	0
9.035776E-4	8.96860986547085E-4
9.039872E-4	0.00179372197309417
9.043968E-4	0
9.048064E-4	8.96860986547085E-4
9.05216E-4	0
9.056256E-4	0
9.060352E-4	0
9.064448E-4	0
9.068544E-4	0
9.07264E-4	0
9.076736E-4	0
9.080832E-4	0.00179372197309417
9.084928E-4	8.96860986547085E-4
9.089024E-4	8.96860986547085E-4
9.09312E-4	0
9.097216E-4	8.96860986547085E-4
9.101312E-4	8.96860986547085E-4
9.105408E-4	0
9.109504E-4	0.00179372197309417
9.1136E-4	0
9.117696E-4	8.96860986547085E-4
9.121792E-4	0
9.125888E-4	0
9.129984E-4	0
9.13408E-4	8.96860986547085E-4
9.138176E-4	0
9.142272E-4	0
9.146368E-4	0
9.150464E-4	0
9.15456E-4	0
9.158656E-4	8.96860986547085E-4
9.162752E-4	0.00179372197309417
9.166848E-4	0
9.170944E-4	0
9.17504E-4	0
9.179136E-4	0
9.183232E-4	0
9.187328E-4	0
9.191424E-4	0
9.19552E-4	0
9.199616E-4	0
9.203712E-4	8.96860986547085E-4
9.207808E-4	0
9.211904E-4	0
9.216E-4	8.96860986547085E-4
9.220096E-4	0
9.224192E-4	0
9.228288E-4	0
9.232384E-4	8.96860986547085E-4
9.23648E-4	0
9.240576E-4	0
9.244672E-4	0
9.248768E-4	0
9.252864E-4	0
9.25696E-4	0
9.261056E-4	0
9.265152E-4	8.96860986547085E-4
9.269248E-4	0
9.273344E-4	0
9.27744E-4	8.96860986547085E-4
9.281536E-4	8.96860986547085E-4
9.285632E-4	0.00179372197309417
9.289728E-4	0
9.293824E-4	0
9.29792E-4	0
9.302016E-4	0
9.306112E-4	0
9.310208E-4	8.96860986547085E-4
9.314304E-4	8.96860986547085E-4
9.3184E-4	8.96860986547085E-4
9.322496E-4	8.96860986547085E-4
9.326592E-4	0
9.330688E-4	0
9.334784E-4	8.96860986547085E-4
9.33888E-4	8.96860986547085E-4
9.342976E-4	0
9.347072E-4	0
9.351168E-4	0
9.355264E-4	0
9.35936E-4	0.00179372197309417
9.363456E-4	0
9.367552E-4	8.96860986547085E-4
9.371648E-4	0
9.375744E-4	0
9.37984E-4	0
9.383936E-4	0
9.388032E-4	0
9.392128E-4	8.96860986547085E-4
9.396224E-4	0
9.40032E-4	0
9.404416E-4	0
9.408512E-4	0
9.412608E-4	8.96860986547085E-4
9.416704E-4	0
9.4208E-4	8.96860986547085E-4
9.424896E-4	0
9.428992E-4	0
9.433088E-4	0
9.437184E-4	0
9.44128E-4	0
9.445376E-4	0
9.449472E-4	0
9.453568E-4	8.96860986547085E-4
9.457664E-4	8.96860986547085E-4
9.46176E-4	8.96860986547085E-4
9.465856E-4	0
9.469952E-4	8.96860986547085E-4
9.474048E-4	8.96860986547085E-4
9.478144E-4	8.96860986547085E-4
9.48224E-4	8.96860986547085E-4
9.486336E-4	0.00179372197309417
9.490432E-4	0
9.494528E-4	0
9.498624E-4	0.00179372197309417
9.50272E-4	0
9.506816E-4	0
9.510912E-4	0
9.515008E-4	0
9.519104E-4	8.96860986547085E-4
9.5232E-4	0
9.527296E-4	8.96860986547085E-4
9.531392E-4	8.96860986547085E-4
9.535488E-4	8.96860986547085E-4
9.539584E-4	0
9.54368E-4	8.96860986547085E-4
9.547776E-4	0
9.551872E-4	8.96860986547085E-4
9.555968E-4	0
9.560064E-4	0
9.56416E-4	0
9.568256E-4	0
9.572352E-4	8.96860986547085E-4
9.576448E-4	0
9.580544E-4	0
9.58464E-4	0
9.588736E-4	0
9.592832E-4	0
9.596928E-4	8.96860986547085E-4
9.601024E-4	8.96860986547085E-4
9.60512E-4	8.96860986547085E-4
9.609216E-4	8.96860986547085E-4
9.613312E-4	0
9.617408E-4	0
9.621504E-4	8.96860986547085E-4
9.6256E-4	0
9.629696E-4	0.00179372197309417
9.633792E-4	0
9.637888E-4	0
9.641984E-4	0
9.64608E-4	0
9.650176E-4	0
9.654272E-4	0
9.658368E-4	0
9.662464E-4	8.96860986547085E-4
9.66656E-4	0
9.670656E-4	0
9.674752E-4	0
9.678848E-4	0
9.682944E-4	0
9.68704E-4	8.96860986547085E-4
9.691136E-4	0
9.695232E-4	0
9.699328E-4	0
9.703424E-4	0
9.70752E-4	0
9.711616E-4	0
9.715712E-4	0.00269058295964126
9.719808E-4	8.96860986547085E-4
9.723904E-4	0
9.728E-4	0
9.732096E-4	0
9.736192E-4	8.96860986547085E-4
9.740288E-4	0
9.744384E-4	0
9.74848E-4	0
9.752576E-4	0
9.756672E-4	0
9.760768E-4	0
9.764864E-4	0
9.76896E-4	0
9.773056E-4	0
9.777152E-4	0
9.781248E-4	0
9.785344E-4	8.96860986547085E-4
9.78944E-4	0
9.793536E-4	0
9.797632E-4	0
9.801728E-4	8.96860986547085E-4
9.805824E-4	0
9.80992E-4	0
9.814016E-4	8.96860986547085E-4
9.818112E-4	0
9.822208E-4	0
9.826304E-4	0
9.8304E-4	0
9.834496E-4	0
9.838592E-4	8.96860986547085E-4
9.842688E-4	8.96860986547085E-4
9.846784E-4	0
9.85088E-4	0
9.854976E-4	0
9.859072E-4	0
9.863168E-4	0
9.867264E-4	0
9.87136E-4	0
9.875456E-4	0
9.879552E-4	0
9.883648E-4	0
9.887744E-4	0.00179372197309417
9.89184E-4	0
9.895936E-4	0
9.900032E-4	0
9.904128E-4	0
9.908224E-4	0
9.91232E-4	0
9.916416E-4	0.00179372197309417
9.920512E-4	0.00179372197309417
9.924608E-4	0
9.928704E-4	0
9.9328E-4	0
9.936896E-4	0
9.940992E-4	8.96860986547085E-4
9.945088E-4	0
9.949184E-4	0
9.95328E-4	8.96860986547085E-4
9.957376E-4	0
9.961472E-4	8.96860986547085E-4
9.965568E-4	0
9.969664E-4	8.96860986547085E-4
9.97376E-4	0
9.977856E-4	8.96860986547085E-4
9.981952E-4	8.96860986547085E-4
9.986048E-4	0
9.990144E-4	0
9.99424E-4	0
9.998336E-4	0
0.0010002432	0
0.0010006528	0
0.0010010624	8.96860986547085E-4
0.001001472	8.96860986547085E-4
0.0010018816	0
0.0010022912	0
0.0010027008	0
0.0010031104	0
0.00100352	0
0.0010039296	8.96860986547085E-4
0.0010043392	0
0.0010047488	0
0.0010051584	0
0.001005568	8.96860986547085E-4
0.0010059776	8.96860986547085E-4
0.0010063872	0
0.0010067968	8.96860986547085E-4
0.0010072064	0
0.001007616	0
0.0010080256	0
0.0010084352	0
0.0010088448	0.00179372197309417
0.0010092544	0
0.001009664	8.96860986547085E-4
0.0010100736	0
0.0010104832	0
0.0010108928	0
0.0010113024	0
0.001011712	0
0.0010121216	8.96860986547085E-4
0.0010125312	0
0.0010129408	0.00179372197309417
0.0010133504	0
0.00101376	8.96860986547085E-4
0.0010141696	0
0.0010145792	0
0.0010149888	0
0.0010153984	0
0.001015808	0
0.0010162176	0
0.0010166272	0
0.0010170368	0
0.0010174464	0
0.001017856	0
0.0010182656	8.96860986547085E-4
0.0010186752	0.00179372197309417
0.0010190848	0.00179372197309417
0.0010194944	0
0.001019904	0
0.0010203136	0
0.0010207232	0
0.0010211328	0
0.0010215424	8.96860986547085E-4
0.001021952	0
0.0010223616	0
0.0010227712	8.96860986547085E-4
0.0010231808	0
0.0010235904	0
0.001024	8.96860986547085E-4
0.0010244096	8.96860986547085E-4
0.0010248192	0
0.0010252288	0
0.0010256384	8.96860986547085E-4
0.001026048	0
0.0010264576	8.96860986547085E-4
0.0010268672	0
0.0010272768	0
0.0010276864	0
0.001028096	8.96860986547085E-4
0.0010285056	0
0.0010289152	0
0.0010293248	0
0.0010297344	0
0.001030144	0
0.0010305536	0.00179372197309417
0.0010309632	0
0.0010313728	0
0.0010317824	0
0.001032192	8.96860986547085E-4
0.0010326016	0
0.0010330112	0
0.0010334208	0
0.0010338304	8.96860986547085E-4
0.00103424	8.96860986547085E-4
0.0010346496	0
0.0010350592	0
0.0010354688	0
0.0010358784	0
0.001036288	0
0.0010366976	8.96860986547085E-4
0.0010371072	8.96860986547085E-4
0.0010375168	0
0.0010379264	0
0.001038336	0
0.0010387456	0
0.0010391552	0
0.0010395648	0
0.0010399744	0
0.001040384	0
0.0010407936	0
0.0010412032	8.96860986547085E-4
0.0010416128	0
0.0010420224	0
0.001042432	0
0.0010428416	0
0.0010432512	0
0.0010436608	8.96860986547085E-4
0.0010440704	0
0.00104448	0
0.0010448896	8.96860986547085E-4
0.0010452992	0
0.0010457088	0
0.0010461184	8.96860986547085E-4
0.001046528	0
0.0010469376	0
0.0010473472	0
0.0010477568	0
0.0010481664	0
0.001048576	0
0.0010489856	0
0.0010493952	0
0.0010498048	0
0.0010502144	0
0.001050624	8.96860986547085E-4
0.0010510336	0
0.0010514432	0
0.0010518528	0
0.0010522624	0
0.001052672	0
0.0010530816	0
0.0010534912	0
0.0010539008	8.96860986547085E-4
0.0010543104	0
0.00105472	0
0.0010551296	8.96860986547085E-4
0.0010555392	0
0.0010559488	0
0.0010563584	8.96860986547085E-4
0.001056768	0
0.0010571776	8.96860986547085E-4
0.0010575872	8.96860986547085E-4
0.0010579968	0
0.0010584064	8.96860986547085E-4
0.001058816	0
0.0010592256	0
0.0010596352	0
0.0010600448	8.96860986547085E-4
0.0010604544	0.00179372197309417
0.001060864	0
0.0010612736	0
0.0010616832	0
0.0010620928	0
0.0010625024	0
0.001062912	0
0.0010633216	8.96860986547085E-4
0.0010637312	0
0.0010641408	0
0.0010645504	0
0.00106496	0
0.0010653696	0
0.0010657792	0
0.0010661888	0
0.0010665984	8.96860986547085E-4
0.001067008	0
0.0010674176	8.96860986547085E-4
0.0010678272	0
0.0010682368	0
0.0010686464	0
0.001069056	0
0.0010694656	0
0.0010698752	0
0.0010702848	0
0.0010706944	0
0.001071104	0
0.0010715136	8.96860986547085E-4
0.0010719232	8.96860986547085E-4
0.0010723328	0
0.0010727424	0
0.001073152	0
0.0010735616	0
0.0010739712	0
0.0010743808	0
0.0010747904	0
0.0010752	0
0.0010756096	0
0.0010760192	0
0.0010764288	0
0.0010768384	0
0.001077248	0
0.0010776576	8.96860986547085E-4
0.0010780672	0
0.0010784768	0
0.0010788864	0
0.001079296	0
0.0010797056	0
0.0010801152	0
0.0010805248	0
0.0010809344	0
0.001081344	0
0.0010817536	0
0.0010821632	0
0.0010825728	0
0.0010829824	0
0.001083392	0
0.0010838016	0
0.0010842112	0
0.0010846208	0
0.0010850304	0
0.00108544	0
0.0010858496	0
0.0010862592	0
0.0010866688	0
0.0010870784	0
0.001087488	0
0.0010878976	0
0.0010883072	8.96860986547085E-4
0.0010887168	0
0.0010891264	0
0.001089536	0
0.0010899456	0
0.0010903552	8.96860986547085E-4
0.0010907648	0
0.0010911744	0
0.001091584	0
0.0010919936	0
0.0010924032	0
0.0010928128	8.96860986547085E-4
0.0010932224	8.96860986547085E-4
0.001093632	0
0.0010940416	0
0.0010944512	8.96860986547085E-4
0.0010948608	0
0.0010952704	0
0.00109568	0
0.0010960896	0
0.0010964992	8.96860986547085E-4
0.0010969088	0
0.0010973184	0
0.001097728	0
0.0010981376	0
0.0010985472	0
0.0010989568	0
0.0010993664	0
0.001099776	0
0.0011001856	0.00179372197309417
0.0011005952	8.96860986547085E-4
0.0011010048	0
0.0011014144	0
0.001101824	0
0.0011022336	0
0.0011026432	0
0.0011030528	0
0.0011034624	0
0.001103872	8.96860986547085E-4
0.0011042816	0
0.0011046912	0
0.0011051008	8.96860986547085E-4
0.0011055104	0
0.00110592	0
0.0011063296	8.96860986547085E-4
0.0011067392	0
0.0011071488	0
0.0011075584	0
0.001107968	8.96860986547085E-4
0.0011083776	0
0.0011087872	8.96860986547085E-4
0.0011091968	0
0.0011096064	0
0.001110016	0
0.0011104256	0
0.0011108352	8.96860986547085E-4
0.0011112448	0
0.0011116544	0
0.001112064	8.96860986547085E-4
0.0011124736	0
0.0011128832	0
0.0011132928	0
0.0011137024	8.96860986547085E-4
0.001114112	0
0.0011145216	0
0.0011149312	0
0.0011153408	0
0.0011157504	0
0.00111616	0
0.0011165696	8.96860986547085E-4
0.0011169792	0
0.0011173888	0
0.0011177984	0
0.001118208	8.96860986547085E-4
0.0011186176	0
0.0011190272	8.96860986547085E-4
0.0011194368	0.00179372197309417
0.0011198464	0
0.001120256	0
0.0011206656	0
0.0011210752	0
0.0011214848	0
0.0011218944	0
0.001122304	0
0.0011227136	0
0.0011231232	0
0.0011235328	0
0.0011239424	0
0.001124352	0
0.0011247616	0
0.0011251712	0
0.0011255808	0
0.0011259904	0
0.0011264	8.96860986547085E-4
0.0011268096	0
0.0011272192	8.96860986547085E-4
0.0011276288	0
0.0011280384	0
0.001128448	0
0.0011288576	0
0.0011292672	0
0.0011296768	0
0.0011300864	0
0.001130496	0
0.0011309056	0
0.0011313152	0
0.0011317248	0
0.0011321344	0
0.001132544	0
0.0011329536	8.96860986547085E-4
0.0011333632	0
0.0011337728	0
0.0011341824	0
0.001134592	0
0.0011350016	0
0.0011354112	0
0.0011358208	0
0.0011362304	0
0.00113664	0
0.0011370496	0
0.0011374592	0
0.0011378688	0
0.0011382784	0
0.001138688	0
0.0011390976	0
0.0011395072	0
0.0011399168	0
0.0011403264	0
0.001140736	0
0.0011411456	0
0.0011415552	0
0.0011419648	0
0.0011423744	0
0.001142784	0
0.0011431936	0
0.0011436032	0
0.0011440128	0
0.0011444224	0
0.001144832	0
0.0011452416	0
0.0011456512	0
0.0011460608	0
0.0011464704	0
0.00114688	0
0.0011472896	0
0.0011476992	0
0.0011481088	0
0.0011485184	0
0.001148928	8.96860986547085E-4
0.0011493376	0
0.0011497472	0
0.0011501568	0
0.0011505664	0
0.001150976	0
0.0011513856	0
0.0011517952	0
0.0011522048	0
0.0011526144	0
0.001153024	0
0.0011534336	0
0.0011538432	0
0.0011542528	0
0.0011546624	0
0.001155072	8.96860986547085E-4
0.0011554816	0
0.0011558912	0
0.0011563008	0
0.0011567104	0
0.00115712	0
0.0011575296	0
0.0011579392	0
0.0011583488	0
0.0011587584	0
0.001159168	0
0.0011595776	0
0.0011599872	0
0.0011603968	0
0.0011608064	8.96860986547085E-4
0.001161216	8.96860986547085E-4
0.0011616256	0
0.0011620352	0
0.0011624448	0
0.0011628544	0
0.001163264	0
0.0011636736	8.96860986547085E-4
0.0011640832	0
0.0011644928	0
0.0011649024	0
0.001165312	0
0.0011657216	0
0.0011661312	0
0.0011665408	0
0.0011669504	0
0.00116736	0
0.0011677696	0
0.0011681792	0
0.0011685888	0
0.0011689984	0
0.001169408	0
0.0011698176	0
0.0011702272	0.00179372197309417
0.0011706368	0
0.0011710464	0
0.001171456	0
0.0011718656	0
0.0011722752	0
0.0011726848	0
0.0011730944	0
0.001173504	0
0.0011739136	0
0.0011743232	0
0.0011747328	0
0.0011751424	0
0.001175552	0
0.0011759616	0
0.0011763712	0
0.0011767808	0
0.0011771904	0
0.0011776	0
0.0011780096	0
0.0011784192	0
0.0011788288	0
0.0011792384	0.00179372197309417
0.001179648	0
0.0011800576	8.96860986547085E-4
0.0011804672	0
0.0011808768	0
0.0011812864	8.96860986547085E-4
0.001181696	0
0.0011821056	0
0.0011825152	8.96860986547085E-4
0.0011829248	0
0.0011833344	0
0.001183744	0.00179372197309417
0.0011841536	0
0.0011845632	0
0.0011849728	0
0.0011853824	0
0.001185792	0
0.0011862016	0
0.0011866112	0
0.0011870208	8.96860986547085E-4
0.0011874304	0
0.00118784	0
0.0011882496	0
0.0011886592	0
0.0011890688	0
0.0011894784	0
0.001189888	0
0.0011902976	0
0.0011907072	0
0.0011911168	0
0.0011915264	0
0.001191936	0
0.0011923456	8.96860986547085E-4
0.0011927552	0
0.0011931648	0
0.0011935744	0
0.001193984	0
0.0011943936	0
0.0011948032	0
0.0011952128	0
0.0011956224	0.00179372197309417
0.001196032	0
0.0011964416	0
0.0011968512	0
0.0011972608	0.00179372197309417
0.0011976704	0
0.00119808	0
0.0011984896	0
0.0011988992	0
0.0011993088	0
0.0011997184	0
0.001200128	0
0.0012005376	0
0.0012009472	0
0.0012013568	0
0.0012017664	0
0.001202176	0
0.0012025856	0
0.0012029952	0
0.0012034048	0
0.0012038144	0
0.001204224	0
0.0012046336	0
0.0012050432	8.96860986547085E-4
0.0012054528	0
0.0012058624	0
0.001206272	0
0.0012066816	8.96860986547085E-4
0.0012070912	0
0.0012075008	0
0.0012079104	0
0.00120832	0
0.0012087296	0
0.0012091392	0
0.0012095488	0
0.0012099584	0
0.001210368	0
0.0012107776	0
0.0012111872	0
0.0012115968	8.96860986547085E-4
0.0012120064	0
0.001212416	8.96860986547085E-4
0.0012128256	0
0.0012132352	0
0.0012136448	8.96860986547085E-4
0.0012140544	0
0.001214464	0
0.0012148736	0
0.0012152832	0
0.0012156928	0
0.0012161024	0
0.001216512	0
0.0012169216	0
0.0012173312	0
0.0012177408	8.96860986547085E-4
0.0012181504	0
0.00121856	0
0.0012189696	0
0.0012193792	0
0.0012197888	0
0.0012201984	0
0.001220608	0
0.0012210176	0
0.0012214272	0
0.0012218368	0
0.0012222464	0
0.001222656	0
0.0012230656	0
0.0012234752	0
0.0012238848	0
0.0012242944	8.96860986547085E-4
0.001224704	0
0.0012251136	0
0.0012255232	8.96860986547085E-4
0.0012259328	0
0.0012263424	0
0.001226752	0
0.0012271616	0
0.0012275712	0
0.0012279808	0
0.0012283904	8.96860986547085E-4
0.0012288	8.96860986547085E-4
0.0012292096	0
0.0012296192	0
0.0012300288	8.96860986547085E-4
0.0012304384	0
0.001230848	0
0.0012312576	0
0.0012316672	0
0.0012320768	0
0.0012324864	0
0.001232896	0
0.0012333056	0
0.0012337152	0
0.0012341248	8.96860986547085E-4
0.0012345344	0
0.001234944	0
0.0012353536	0
0.0012357632	8.96860986547085E-4
0.0012361728	0
0.0012365824	0
0.001236992	0
0.0012374016	0
0.0012378112	0
0.0012382208	0
0.0012386304	0
0.00123904	0
0.0012394496	0
0.0012398592	0
0.0012402688	0
0.0012406784	0
0.001241088	0
0.0012414976	0
0.0012419072	0
0.0012423168	0
0.0012427264	0
0.001243136	0
0.0012435456	8.96860986547085E-4
0.0012439552	0
0.0012443648	0
0.0012447744	0
0.001245184	0
0.0012455936	0
0.0012460032	0
0.0012464128	0
0.0012468224	0
0.001247232	0
0.0012476416	8.96860986547085E-4
0.0012480512	0
0.0012484608	0
0.0012488704	0
0.00124928	0
0.0012496896	0
0.0012500992	0
0.0012505088	0
0.0012509184	0
0.001251328	8.96860986547085E-4
0.0012517376	0
0.0012521472	0
0.0012525568	8.96860986547085E-4
0.0012529664	0
0.001253376	0
0.0012537856	0
0.0012541952	0
0.0012546048	0
0.0012550144	8.96860986547085E-4
0.001255424	0
0.0012558336	0
0.0012562432	0
0.0012566528	0
0.0012570624	0
0.001257472	0
0.0012578816	0
0.0012582912	0
0.0012587008	0
0.0012591104	0
0.00125952	0
0.0012599296	0
0.0012603392	0
0.0012607488	0
0.0012611584	0
0.001261568	8.96860986547085E-4
0.0012619776	8.96860986547085E-4
0.0012623872	0
0.0012627968	0
0.0012632064	0
0.001263616	0
0.0012640256	0
0.0012644352	0
0.0012648448	0
0.0012652544	0
0.001265664	0
0.0012660736	0
0.0012664832	0
0.0012668928	0
0.0012673024	0
0.001267712	0
0.0012681216	0
0.0012685312	0
0.0012689408	0
0.0012693504	0
0.00126976	8.96860986547085E-4
0.0012701696	0
0.0012705792	0
0.0012709888	0
0.0012713984	0
0.001271808	0
0.0012722176	0
0.0012726272	0
0.0012730368	0
0.0012734464	0
0.001273856	0.00179372197309417
0.0012742656	0
0.0012746752	0
0.0012750848	0
0.0012754944	0
0.001275904	0
0.0012763136	8.96860986547085E-4
0.0012767232	0
0.0012771328	0
0.0012775424	0
0.001277952	0
0.0012783616	0
0.0012787712	0
0.0012791808	0
0.0012795904	0
0.00128	0
0.0012804096	0
0.0012808192	0
0.0012812288	0
0.0012816384	0
0.001282048	0
0.0012824576	0
0.0012828672	0
0.0012832768	0
0.0012836864	0
0.001284096	0
0.0012845056	0
0.0012849152	0
0.0012853248	0
0.0012857344	0
0.001286144	0
0.0012865536	0
0.0012869632	8.96860986547085E-4
0.0012873728	0
0.0012877824	0
0.001288192	0
0.0012886016	0
0.0012890112	0
0.0012894208	0
0.0012898304	8.96860986547085E-4
0.00129024	0
0.0012906496	0
0.0012910592	0
0.0012914688	0
0.0012918784	0
0.001292288	0
0.0012926976	0
0.0012931072	0
0.0012935168	0
0.0012939264	0
0.001294336	8.96860986547085E-4
0.0012947456	0
0.0012951552	0
0.0012955648	0
0.0012959744	0
0.001296384	0
0.0012967936	0
0.0012972032	0
0.0012976128	0
0.0012980224	0
0.001298432	0
0.0012988416	0
0.0012992512	8.96860986547085E-4
0.0012996608	0
0.0013000704	0
0.00130048	0
0.0013008896	0
0.0013012992	0
0.0013017088	0
0.0013021184	0
0.001302528	0
0.0013029376	8.96860986547085E-4
0.0013033472	0
0.0013037568	8.96860986547085E-4
0.0013041664	0
0.001304576	0
0.0013049856	0
0.0013053952	0
0.0013058048	8.96860986547085E-4
0.0013062144	0
0.001306624	0
0.0013070336	0
0.0013074432	0
0.0013078528	8.96860986547085E-4
0.0013082624	0
0.001308672	0
0.0013090816	0
0.0013094912	0
0.0013099008	0
0.0013103104	0
0.00131072	0
0.0013111296	0
0.0013115392	0
0.0013119488	0
0.0013123584	0
0.001312768	0
0.0013131776	0
0.0013135872	0
0.0013139968	0
0.0013144064	0
0.001314816	0
0.0013152256	0
0.0013156352	0
0.0013160448	0
0.0013164544	0
0.001316864	0
0.0013172736	8.96860986547085E-4
0.0013176832	8.96860986547085E-4
0.0013180928	0
0.0013185024	0
0.001318912	0
0.0013193216	0
0.0013197312	8.96860986547085E-4
0.0013201408	0
0.0013205504	0
0.00132096	0
0.0013213696	8.96860986547085E-4
0.0013217792	0
0.0013221888	0
0.0013225984	0
0.001323008	0
0.0013234176	0
0.0013238272	0
0.0013242368	0
0.0013246464	0
0.001325056	0
0.0013254656	8.96860986547085E-4
0.0013258752	0
0.0013262848	0
0.0013266944	0
0.001327104	0
0.0013275136	0
0.0013279232	0
0.0013283328	0
0.0013287424	0
0.001329152	0
0.0013295616	0
0.0013299712	0
0.0013303808	0
0.0013307904	0
0.0013312	8.96860986547085E-4
0.0013316096	0
0.0013320192	0
0.0013324288	0
0.0013328384	0
0.001333248	0
0.0013336576	0
0.0013340672	8.96860986547085E-4
0.0013344768	0
0.0013348864	8.96860986547085E-4
0.001335296	0
0.0013357056	0
0.0013361152	0
0.0013365248	0
0.0013369344	0
0.001337344	0
0.0013377536	0
0.0013381632	0
0.0013385728	0.00179372197309417
0.0013389824	0
0.001339392	0
0.0013398016	8.96860986547085E-4
0.0013402112	0
0.0013406208	0
0.0013410304	0
0.00134144	0
0.0013418496	0
0.0013422592	0
0.0013426688	0
0.0013430784	0
0.001343488	0
0.0013438976	0
0.0013443072	0
0.0013447168	8.96860986547085E-4
0.0013451264	0
0.001345536	8.96860986547085E-4
0.0013459456	0
0.0013463552	0
0.0013467648	0
0.0013471744	0
0.001347584	0
0.0013479936	0
0.0013484032	0
0.0013488128	0
0.0013492224	0
0.001349632	0
0.0013500416	0
0.0013504512	0
0.0013508608	0
0.0013512704	0
0.00135168	0
0.0013520896	0
0.0013524992	0
0.0013529088	8.96860986547085E-4
0.0013533184	0
0.001353728	0
0.0013541376	0
0.0013545472	8.96860986547085E-4
0.0013549568	0
0.0013553664	0
0.001355776	0
0.0013561856	0
0.0013565952	0
0.0013570048	0
0.0013574144	0
0.001357824	0
0.0013582336	8.96860986547085E-4
0.0013586432	0
0.0013590528	0
0.0013594624	0
0.001359872	8.96860986547085E-4
0.0013602816	0
0.0013606912	0
0.0013611008	0
0.0013615104	8.96860986547085E-4
0.00136192	0
0.0013623296	0
0.0013627392	0
0.0013631488	8.96860986547085E-4
0.0013635584	0
0.001363968	0
